3
4
7
16
22
23
24
26
28
29
31
33
34
34
35
37
38
38
40
41
46
50
52
54
55
55
57
59
62
64
66
66
68
69
69
70
72
73
75
75
79
80
81
81
84
92
93
96
98
101
102
103
104
107
109
111
118
119
121
121
123
124
126
126
128
128
128
133
136
137
137
138
143
143
144
145
146
148
148
150
151
155
156
156
158
160
163
163
168
169
171
171
171
172
172
175
177
181
184
186
189
193
195
195
196
199
200
205
210
212
216
216
216
219
219
219
225
225
227
227
227
228
228
232
234
234
236
238
239
240
242
242
247
250
251
256
257
259
259
259
261
261
263
264
265
265
274
275
276
278
281
286
290
292
292
300
300
307
308
308
309
311
311
313
315
317
323
330
333
334
335
337
347
351
358
358
358
362
362
363
365
366
367
369
371
376
377
378
386
388
388
389
394
400
400
400
401
403
406
407
409
410
411
412
413
417
420
425
425
427
429
436
438
441
444
447
448
449
449
452
454
454
456
458
461
461
462
463
467
470
470
472
474
475
478
479
480
481
482
488
488
490
492
496
497
500
501
502
514
516
516
516
519
523
528
529
530
531
535
538
541
548
554
555
556
557
558
560
561
562
562
565
566
567
569
571
573
574
575
582
582
584
585
589
592
592
593
595
595
596
604
608
610
611
614
618
620
621
622
624
626
628
629
630
633
633
634
639
639
643
643
648
651
651
652
652
653
654
654
655
660
662
667
674
675
676
680
680
683
684
685
686
687
688
689
693
695
695
696
696
696
698
705
705
707
707
707
709
712
712
713
714
717
720
720
722
723
727
729
730
731
732
736
741
742
746
746
753
754
755
756
759
760
760
760
762
767
769
769
771
776
776
777
777
778
779
781
782
785
786
786
787
788
789
790
795
806
810
811
812
813
815
816
817
818
818
819
820
829
831
834
834
835
836
839
840
841
842
843
849
850
851
852
854
860
860
868
869
880
882
882
887
887
892
892
893
894
899
899
899
902
906
909
913
916
918
920
922
922
924
925
926
926
926
927
930
931
936
937
938
940
942
945
951
951
954
955
958
958
959
959
963
967
969
969
971
974
977
980
980
981
983
985
987
989
990
991
992
996
997
1001
1002
1003
1004
1005
1006
1006
1007
1010
1012
1013
1015
1015
1017
1018
1019
1021
1021
1026
1026
1028
1030
1032
1035
1038
1038
1040
1040
1047
1050
1051
1055
1059
1059
1060
1070
1070
1071
1071
1074
1074
1075
1078
1078
1080
1081
1083
1084
1085
1088
1092
1092
1096
1096
1098
1099
1099
1100
1102
1103
1103
1105
1106
1107
1110
1112
1117
1120
1120
1124
1130
1134
1134
1134
1136
1138
1138
1140
1142
1144
1145
1148
1148
1148
1150
1151
1152
1153
1157
1157
1159
1166
1168
1170
1171
1173
1176
1176
1183
1183
1191
1191
1197
1197
1197
1200
1202
1202
1213
1213
1214
1217
1220
1220
1221
1222
1223
1224
1226
1228
1229
1234
1235
1236
1237
1238
1239
1240
1241
1242
1243
1248
1250
1254
1254
1255
1256
1257
1259
1259
1259
1260
1261
1261
1263
1263
1263
1264
1266
1267
1268
1270
1273
1274
1275
1275
1278
1281
1283
1285
1285
1289
1300
1307
1308
1310
1311
1311
1315
1318
1318
1319
1320
1321
1330
1331
1333
1337
1339
1340
1347
1349
1350
1354
1355
1355
1356
1357
1358
1359
1359
1360
1361
1362
1367
1373
1374
1375
1375
1376
1376
1380
1381
1381
1382
1385
1386
1390
1391
1393
1395
1396
1398
1398
1399
1403
1404
1408
1409
1411
1414
1414
1419
1420
1421
1422
1422
1424
1426
1427
1429
1430
1432
1439
1442
1446
1446
1447
1448
1450
1452
1454
1456
1457
1467
1469
1471
1475
1475
1476
1477
1478
1483
1484
1487
1488
1489
1490
1490
1491
1493
1494
1496
1498
1499
1504
1508
1509
1511
1512
1514
1514
1518
1520
1520
1527
1528
1530
1531
1539
1541
1547
1551
1552
1553
1554
1555
1557
1559
1559
1560
1560
1566
1567
1569
1572
1577
1580
1584
1587
1587
1589
1589
1590
1591
1592
1592
1592
1596
1598
1605
1605
1608
1610
1615
1616
1618
1618
1622
1630
1631
1634
1636
1644
1644
1644
1645
1647
1648
1649
1653
1655
1657
1663
1664
1667
1667
1671
1675
1677
1679
1682
1682
1685
1687
1687
1689
1689
1692
1694
1697
1700
1700
1700
1702
1705
1709
1709
1713
1716
1723
1723
1725
1727
1728
1730
1736
1738
1739
1742
1744
1745
1746
1749
1751
1754
1756
1760
1760
1763
1763
1765
1765
1766
1768
1771
1776
1777
1784
1793
1803
1808
1809
1812
1819
1821
1822
1823
1831
1834
1835
1836
1837
1839
1839
1843
1850
1851
1851
1854
1855
1858
1858
1860
1860
1860
1864
1869
1872
1876
1876
1878
1878
1881
1881
1882
1884
1889
1905
1905
1906
1906
1907
1908
1916
1918
1922
1923
1923
1925
1927
1928
1930
1932
1946
1947
1951
1953
1955
1957
1957
1957
1958
1958
1959
1959
1960
1963
1964
1964
1967
1967
1970
1973
1977
1979
1987
1988
1992
1999
2001
2003
2003
2007
2012
2017
2017
2019
2023
2023
2023
2025
2029
2030
2034
2038
2041
2043
2044
2045
2047
2049
2050
2050
2059
2063
2063
2064
2065
2066
2069
2072
2078
2081
2084
2085
2087
2088
2090
2094
2095
2095
2096
2102
2104
2110
2121
2122
2122
2123
2127
2128
2128
2128
2129
2129
2130
2132
2133
2136
2140
2143
2147
2153
2158
2162
2163
2165
2170
2171
2172
2179
2180
2187
2187
2189
2192
2192
2197
2200
2202
2203
2206
2207
2209
2211
2211
2214
2214
2215
2216
2219
2223
2223
2226
2226
2227
2230
2233
2234
2235
2239
2241
2244
2244
2246
2248
2249
2249
2250
2252
2255
2259
2261
2262
2264
2265
2266
2267
2267
2267
2268
2268
2269
2270
2276
2285
2289
2291
2291
2292
2294
2295
2302
2303
2305
2310
2313
2313
2314
2316
2318
2322
2322
2325
2330
2336
2338
2338
2341
2343
2354
2355
2358
2365
2365
2366
2366
2366
2374
2376
2378
2379
2380
2381
2382
2392
2396
2400
2402
2403
2405
2408
2412
2412
2413
2414
2415
2415
2416
2417
2419
2419
2421
2421
2421
2422
2425
2426
2427
2427
2432
2433
2434
2434
2436
2436
2437
2438
2439
2439
2440
2442
2443
2449
2450
2453
2456
2459
2460
2463
2464
2465
2466
2470
2471
2472
2474
2479
2479
2480
2480
2482
2483
2484
2485
2486
2488
2488
2488
2490
2493
2494
2497
2499
2500
2501
2504
2504
2505
2506
2507
2509
2514
2516
2517
2518
2519
2520
2521
2523
2524
2524
2529
2531
2533
2535
2538
2540
2541
2544
2547
2555
2556
2558
2561
2563
2565
2568
2570
2571
2574
2575
2578
2585
2588
2589
2590
2590
2590
2592
2595
2598
2601
2601
2601
2603
2605
2606
2606
2607
2609
2614
2615
2616
2616
2617
2623
2625
2625
2631
2636
2636
2638
2639
2640
2641
2644
2644
2647
2650
2653
2656
2656
2656
2657
2657
2657
2658
2659
2659
2662
2664
2665
2666
2666
2669
2675
2675
2678
2679
2681
2681
2688
2691
2691
2691
2693
2694
2696
2696
2696
2697
2698
2700
2704
2705
2708
2709
2711
2712
2714
2715
2717
2725
2728
2729
2730
2730
2732
2732
2734
2734
2734
2741
2744
2745
2749
2750
2752
2753
2756
2757
2761
2764
2765
2767
2769
2771
2772
2774
2775
2777
2777
2778
2780
2789
2792
2798
2802
2806
2809
2810
2816
2816
2817
2817
2821
2824
2826
2828
2828
2832
2832
2832
2833
2834
2834
2834
2839
2840
2847
2851
2852
2853
2856
2860
2861
2863
2865
2867
2869
2871
2872
2872
2875
2876
2877
2879
2879
2881
2882
2882
2885
2887
2888
2890
2893
2895
2900
2901
2902
2902
2903
2903
2904
2905
2907
2914
2916
2917
2917
2918
2919
2920
2920
2924
2924
2932
2932
2933
2941
2942
2946
2947
2947
2948
2951
2952
2954
2958
2959
2960
2961
2962
2962
2964
2972
2972
2974
2978
2978
2981
2986
2988
2991
2993
2996
2998
2999
3002
3008
3008
3010
3011
3014
3018
3021
3025
3029
3033
3038
3040
3042
3043
3046
3048
3049
3050
3050
3050
3051
3055
3057
3057
3057
3058
3060
3062
3069
3070
3071
3071
3073
3074
3083
3085
3085
3089
3097
3098
3098
3099
3101
3103
3107
3112
3112
3114
3116
3116
3117
3117
3117
3118
3118
3123
3123
3124
3126
3129
3129
3130
3132
3132
3133
3135
3136
3136
3137
3137
3137
3138
3138
3140
3142
3149
3149
3149
3151
3153
3154
3154
3155
3159
3166
3168
3168
3172
3178
3178
3181
3182
3183
3184
3184
3184
3185
3188
3190
3195
3197
3197
3200
3201
3206
3206
3206
3207
3208
3211
3213
3213
3215
3215
3218
3221
3221
3226
3229
3230
3230
3231
3233
3235
3235
3238
3238
3238
3240
3246
3249
3249
3249
3250
3251
3253
3255
3256
3256
3258
3258
3258
3259
3260
3260
3261
3261
3262
3263
3266
3271
3271
3271
3277
3284
3284
3285
3285
3286
3288
3290
3291
3292
3293
3294
3297
3299
3302
3306
3307
3308
3310
3313
3313
3314
3318
3319
3321
3324
3326
3329
3330
3331
3332
3334
3334
3334
3335
3336
3337
3338
3338
3340
3340
3342
3345
3347
3348
3348
3349
3349
3354
3357
3357
3358
3358
3359
3360
3361
3361
3363
3370
3377
3379
3381
3382
3388
3391
3392
3392
3393
3394
3397
3400
3402
3403
3404
3405
3408
3410
3411
3411
3422
3425
3425
3426
3431
3432
3436
3441
3449
3451
3451
3453
3458
3459
3459
3461
3461
3465
3466
3469
3474
3475
3476
3477
3477
3478
3484
3484
3487
3494
3498
3498
3501
3501
3502
3502
3503
3510
3510
3510
3510
3512
3513
3514
3518
3519
3523
3526
3527
3530
3531
3531
3532
3537
3538
3541
3541
3542
3542
3543
3543
3544
3544
3545
3548
3549
3553
3554
3555
3556
3557
3558
3563
3563
3567
3568
3570
3573
3575
3582
3586
3593
3593
3595
3597
3597
3598
3601
3601
3602
3603
3603
3605
3606
3606
3610
3610
3611
3617
3617
3621
3629
3631
3631
3631
3633
3636
3639
3639
3641
3646
3649
3650
3652
3652
3654
3655
3655
3656
3658
3658
3660
3662
3665
3668
3669
3670
3671
3677
3678
3683
3683
3685
3689
3690
3692
3693
3698
3699
3700
3700
3702
3705
3710
3719
3720
3723
3725
3725
3726
3734
3744
3744
3748
3750
3750
3756
3760
3761
3766
3767
3768
3772
3773
3776
3780
3781
3784
3784
3790
3793
3793
3795
3797
3800
3801
3809
3813
3814
3814
3814
3815
3816
3818
3825
3827
3833
3833
3834
3835
3835
3836
3839
3840
3840
3841
3845
3845
3847
3849
3855
3857
3857
3857
3858
3859
3863
3864
3865
3869
3869
3872
3873
3877
3877
3883
3884
3884
3885
3887
3888
3891
3892
3892
3892
3892
3893
3895
3897
3898
3898
3899
3901
3902
3907
3907
3910
3915
3919
3923
3923
3924
3928
3928
3928
3930
3935
3937
3938
3943
3944
3948
3948
3951
3952
3952
3954
3955
3961
3962
3963
3963
3964
3966
3969
3970
3970
3972
3973
3974
3975
3976
3979
3980
3983
3984
3991
3992
3995
3995
3996
3998
3999
3999
4000
4001
4001
4001
4002
4005
4006
4007
4007
4008
4010
4012
4015
4016
4024
4025
4026
4027
4027
4029
4029
4029
4030
4033
4035
4036
4036
4036
4036
4037
4044
4044
4048
4054
4061
4061
4062
4063
4063
4064
4064
4065
4069
4072
4072
4072
4073
4073
4074
4076
4076
4077
4080
4082
4083
4091
4091
4092
4095
4095
4099
4099
4103
4108
4109
4112
4112
4115
4116
4117
4127
4129
4129
4129
4132
4133
4135
4137
4137
4138
4140
4142
4147
4148
4150
4160
4161
4164
4164
4167
4167
4168
4169
4169
4172
4175
4176
4176
4179
4179
4179
4180
4180
4183
4183
4188
4188
4189
4190
4194
4195
4195
4196
4197
4199
4199
4200
4200
4201
4202
4203
4205
4209
4210
4211
4212
4216
4216
4217
4218
4218
4219
4221
4222
4225
4228
4228
4229
4231
4233
4233
4233
4235
4236
4238
4240
4241
4242
4243
4246
4247
4250
4250
4250
4255
4258
4258
4259
4259
4259
4259
4261
4261
4261
4261
4263
4264
4266
4266
4268
4273
4274
4278
4280
4280
4281
4281
4281
4284
4290
4296
4300
4310
4313
4316
4316
4318
4319
4321
4322
4325
4331
4333
4333
4333
4334
4335
4336
4337
4339
4340
4341
4345
4346
4346
4346
4347
4348
4348
4349
4350
4354
4357
4358
4362
4363
4364
4366
4369
4369
4373
4373
4375
4375
4378
4378
4383
4385
4386
4387
4388
4388
4394
4398
4405
4407
4408
4412
4412
4420
4421
4426
4428
4429
4433
4437
4440
4441
4442
4443
4444
4451
4451
4452
4455
4457
4461
4463
4463
4469
4472
4473
4474
4475
4481
4482
4482
4484
4484
4485
4485
4487
4487
4487
4488
4490
4491
4498
4499
4501
4501
4502
4511
4513
4515
4516
4517
4517
4523
4528
4532
4536
4536
4537
4539
4542
4542
4546
4547
4547
4547
4554
4556
4557
4558
4559
4566
4570
4570
4571
4575
4577
4578
4578
4579
4580
4582
4582
4582
4583
4585
4585
4586
4588
4591
4593
4593
4593
4595
4595
4595
4597
4598
4599
4602
4609
4616
4616
4621
4625
4630
4632
4636
4636
4636
4636
4638
4639
4640
4640
4648
4648
4652
4652
4652
4653
4653
4656
4656
4657
4658
4662
4665
4666
4667
4672
4679
4681
4683
4684
4684
4685
4686
4688
4688
4690
4692
4698
4706
4706
4708
4708
4708
4709
4717
4718
4723
4725
4729
4730
4731
4732
4734
4734
4735
4737
4740
4743
4746
4748
4753
4755
4756
4761
4761
4766
4769
4770
4771
4774
4774
4775
4776
4776
4777
4778
4781
4782
4782
4790
4791
4792
4793
4793
4794
4795
4798
4801
4804
4806
4810
4811
4818
4820
4820
4821
4825
4834
4845
4845
4847
4849
4850
4853
4853
4854
4856
4856
4857
4858
4859
4859
4859
4861
4863
4864
4869
4870
4874
4877
4877
4880
4880
4881
4881
4882
4883
4886
4886
4887
4889
4890
4892
4897
4898
4898
4899
4901
4905
4908
4911
4913
4914
4915
4916
4919
4922
4925
4925
4926
4926
4932
4932
4933
4933
4935
4936
4939
4944
4954
4954
4954
4955
4956
4959
4961
4962
4964
4966
4967
4969
4972
4976
4980
4987
4990
4990
4991
4994
4995
4996
4997
4998
4999
5001
5001
5011
5019
5019
5022
5022
5023
5024
5028
5029
5029
5030
5032
5034
5039
5042
5049
5053
5054
5055
5058
5059
5060
5061
5061
5062
5063
5064
5067
5067
5067
5069
5069
5073
5073
5073
5074
5074
5075
5076
5077
5078
5079
5080
5083
5085
5086
5096
5101
5107
5107
5108
5114
5115
5117
5119
5123
5123
5128
5129
5129
5130
5138
5141
5146
5147
5148
5149
5150
5151
5152
5152
5152
5154
5156
5157
5157
5159
5160
5161
5161
5164
5168
5169
5169
5173
5173
5182
5184
5185
5186
5186
5187
5187
5189
5195
5195
5197
5198
5202
5204
5210
5213
5214
5215
5215
5218
5220
5224
5227
5236
5240
5241
5242
5242
5243
5245
5249
5255
5257
5259
5262
5265
5265
5266
5274
5275
5280
5280
5281
5288
5288
5288
5291
5295
5297
5300
5303
5303
5307
5307
5310
5311
5319
5320
5321
5321
5323
5324
5324
5325
5330
5330
5333
5334
5338
5343
5346
5346
5349
5351
5353
5354
5355
5355
5359
5359
5361
5363
5364
5372
5373
5374
5374
5376
5377
5378
5379
5379
5379
5380
5382
5384
5389
5389
5391
5395
5395
5396
5396
5398
5402
5403
5403
5405
5411
5413
5413
5413
5413
5417
5417
5418
5419
5420
5421
5422
5423
5423
5424
5426
5427
5433
5433
5433
5435
5435
5435
5436
5437
5437
5438
5440
5441
5445
5445
5446
5449
5455
5464
5466
5468
5468
5469
5473
5474
5474
5475
5476
5483
5483
5484
5484
5486
5488
5489
5490
5491
5498
5501
5502
5506
5509
5510
5514
5514
5517
5518
5523
5528
5528
5529
5531
5536
5537
5538
5539
5545
5548
5548
5549
5553
5554
5559
5565
5567
5567
5569
5577
5577
5578
5579
5582
5585
5586
5586
5587
5590
5590
5592
5593
5598
5598
5600
5602
5602
5604
5604
5612
5612
5614
5615
5620
5621
5621
5622
5623
5625
5625
5626
5627
5632
5633
5636
5636
5641
5642
5645
5648
5650
5652
5653
5656
5662
5669
5669
5670
5671
5674
5676
5678
5679
5681
5683
5684
5688
5689
5690
5692
5693
5693
5695
5696
5697
5698
5698
5704
5704
5705
5705
5706
5707
5708
5712
5713
5715
5716
5717
5719
5720
5724
5724
5734
5737
5738
5739
5739
5741
5741
5742
5742
5743
5744
5747
5751
5753
5753
5754
5754
5755
5755
5761
5762
5763
5764
5766
5771
5772
5773
5774
5777
5777
5780
5780
5781
5783
5786
5792
5793
5793
5798
5799
5801
5804
5805
5807
5807
5810
5811
5813
5814
5815
5815
5815
5821
5822
5822
5823
5824
5826
5827
5831
5832
5832
5838
5840
5841
5842
5844
5848
5851
5852
5856
5860
5864
5865
5866
5868
5870
5873
5878
5882
5882
5885
5887
5891
5897
5900
5909
5911
5912
5914
5917
5921
5921
5922
5924
5927
5928
5929
5929
5931
5931
5934
5938
5939
5939
5941
5946
5946
5949
5949
5952
5957
5959
5959
5962
5964
5968
5968
5969
5971
5971
5971
5973
5975
5977
5979
5979
5984
5989
5989
5990
5992
5992
5997
5997
6001
6005
6007
6007
6009
6009
6011
6015
6018
6019
6022
6024
6024
6025
6031
6033
6033
6037
6042
6050
6052
6054
6054
6062
6063
6068
6069
6073
6074
6075
6077
6077
6079
6080
6083
6085
6087
6087
6088
6088
6092
6092
6093
6093
6095
6095
6098
6104
6105
6108
6109
6109
6111
6113
6114
6117
6124
6125
6126
6128
6133
6134
6135
6137
6137
6139
6141
6142
6147
6147
6148
6149
6151
6152
6153
6156
6158
6159
6161
6161
6163
6167
6169
6169
6171
6171
6172
6172
6174
6174
6175
6176
6177
6178
6179
6182
6182
6183
6183
6184
6184
6191
6193
6201
6209
6210
6212
6213
6213
6214
6216
6218
6219
6223
6228
6229
6230
6232
6236
6239
6246
6247
6249
6251
6258
6259
6260
6263
6264
6272
6274
6274
6274
6274
6275
6282
6284
6286
6295
6296
6299
6299
6301
6302
6303
6311
6311
6314
6315
6320
6322
6325
6325
6326
6327
6327
6329
6332
6332
6335
6336
6337
6339
6341
6342
6343
6344
6344
6347
6349
6349
6351
6353
6354
6356
6361
6363
6366
6368
6370
6371
6372
6372
6373
6380
6385
6387
6388
6389
6396
6397
6400
6401
6403
6404
6404
6404
6405
6421
6424
6427
6430
6430
6434
6439
6443
6448
6448
6450
6451
6452
6455
6456
6456
6456
6458
6458
6459
6459
6460
6462
6470
6471
6471
6472
6472
6474
6474
6477
6477
6479
6480
6480
6481
6482
6482
6484
6488
6490
6491
6491
6495
6496
6499
6502
6504
6505
6509
6511
6514
6515
6516
6517
6518
6518
6523
6525
6525
6526
6526
6528
6530
6531
6532
6535
6535
6537
6538
6538
6540
6541
6543
6544
6547
6548
6553
6555
6560
6561
6565
6566
6567
6567
6568
6568
6568
6571
6571
6575
6577
6579
6580
6582
6586
6587
6589
6594
6598
6598
6599
6601
6601
6610
6610
6611
6617
6617
6618
6618
6620
6620
6623
6626
6629
6632
6633
6634
6634
6635
6635
6637
6638
6639
6641
6646
6647
6649
6649
6649
6650
6652
6653
6653
6657
6658
6658
6659
6663
6665
6668
6670
6670
6671
6674
6675
6681
6684
6687
6687
6688
6690
6693
6694
6695
6695
6696
6699
6702
6711
6713
6713
6715
6715
6717
6717
6723
6726
6727
6727
6727
6728
6728
6729
6730
6731
6732
6733
6734
6737
6740
6743
6743
6746
6749
6754
6755
6758
6759
6762
6763
6767
6768
6770
6772
6773
6776
6776
6779
6779
6783
6784
6785
6787
6787
6787
6804
6809
6810
6810
6815
6818
6820
6820
6823
6826
6829
6831
6833
6833
6836
6838
6839
6841
6841
6843
6844
6847
6849
6849
6851
6854
6856
6857
6858
6862
6863
6866
6870
6872
6872
6876
6877
6877
6880
6880
6880
6881
6881
6883
6887
6888
6889
6891
6897
6897
6900
6901
6901
6903
6911
6912
6914
6918
6919
6920
6921
6922
6922
6925
6927
6928
6931
6931
6931
6933
6935
6938
6941
6943
6946
6947
6949
6951
6953
6955
6956
6960
6960
6964
6969
6970
6974
6975
6978
6978
6979
6982
6982
6983
6986
6987
6988
6989
6990
6998
7000
7001
7004
7008
7008
7009
7009
7010
7012
7013
7016
7019
7025
7025
7026
7027
7029
7029
7030
7031
7031
7031
7034
7035
7035
7036
7036
7038
7039
7039
7042
7042
7047
7048
7050
7051
7051
7051
7053
7056
7060
7068
7072
7074
7074
7076
7076
7077
7077
7078
7080
7084
7086
7087
7090
7093
7095
7100
7102
7105
7108
7108
7108
7110
7111
7120
7125
7126
7127
7128
7131
7134
7134
7138
7139
7141
7141
7143
7147
7147
7147
7153
7154
7156
7157
7162
7163
7163
7166
7170
7172
7176
7178
7180
7180
7185
7185
7188
7194
7194
7194
7196
7198
7202
7202
7203
7204
7207
7207
7209
7213
7217
7220
7221
7226
7226
7228
7230
7231
7233
7234
7237
7237
7238
7239
7243
7245
7246
7247
7251
7252
7255
7260
7264
7268
7270
7271
7272
7273
7273
7273
7274
7276
7277
7277
7278
7283
7284
7284
7287
7289
7292
7294
7295
7299
7301
7302
7304
7304
7304
7306
7308
7309
7311
7311
7311
7312
7312
7315
7315
7317
7318
7319
7320
7320
7320
7325
7328
7334
7337
7338
7338
7343
7343
7345
7347
7348
7349
7364
7364
7366
7367
7367
7369
7372
7373
7373
7373
7376
7377
7379
7380
7384
7388
7392
7395
7396
7398
7401
7405
7408
7410
7410
7412
7413
7416
7417
7418
7420
7423
7423
7427
7428
7429
7435
7438
7442
7442
7446
7448
7451
7451
7453
7455
7459
7459
7461
7463
7463
7468
7468
7473
7475
7479
7480
7480
7485
7486
7487
7498
7498
7500
7501
7502
7502
7502
7503
7506
7508
7513
7515
7515
7516
7517
7523
7525
7527
7529
7534
7535
7535
7537
7544
7546
7547
7547
7554
7557
7557
7561
7564
7564
7565
7568
7569
7570
7570
7574
7577
7577
7579
7584
7584
7585
7585
7586
7593
7595
7598
7600
7605
7606
7608
7610
7612
7613
7615
7615
7623
7624
7625
7630
7631
7633
7634
7638
7638
7638
7640
7642
7647
7649
7650
7656
7657
7658
7658
7660
7660
7667
7673
7676
7677
7680
7681
7683
7684
7686
7686
7689
7693
7694
7700
7702
7705
7705
7705
7709
7711
7718
7722
7723
7724
7727
7729
7729
7731
7731
7735
7736
7740
7744
7747
7749
7750
7752
7753
7753
7755
7758
7761
7761
7763
7764
7764
7767
7770
7774
7775
7780
7784
7786
7789
7790
7793
7797
7797
7798
7798
7799
7804
7806
7808
7812
7814
7821
7822
7824
7828
7832
7832
7836
7837
7843
7845
7847
7850
7850
7851
7857
7858
7858
7859
7861
7862
7862
7863
7863
7863
7863
7864
7865
7866
7868
7869
7870
7870
7873
7878
7878
7880
7880
7892
7894
7897
7899
7900
7901
7901
7902
7906
7910
7911
7915
7917
7917
7920
7926
7930
7933
7934
7936
7936
7939
7944
7947
7948
7949
7950
7951
7952
7957
7959
7959
7960
7962
7966
7968
7968
7969
7970
7972
7972
7975
7977
7977
7978
7979
7980
7980
7983
7986
7988
7991
7994
7999
7999
7999
7999
8001
8002
8003
8008
8009
8013
8013
8014
8017
8018
8022
8027
8028
8037
8039
8040
8042
8043
8044
8045
8045
8045
8054
8055
8055
8055
8056
8056
8058
8059
8059
8060
8061
8064
8065
8065
8067
8068
8073
8076
8078
8079
8080
8080
8081
8082
8085
8091
8092
8095
8096
8101
8102
8103
8104
8104
8105
8107
8108
8109
8110
8118
8119
8123
8130
8131
8138
8141
8142
8146
8146
8147
8149
8150
8151
8151
8152
8154
8155
8165
8166
8168
8170
8171
8174
8174
8174
8174
8177
8177
8186
8186
8187
8194
8195
8196
8196
8199
8200
8203
8204
8206
8207
8208
8209
8211
8216
8218
8221
8225
8225
8228
8229
8230
8230
8230
8235
8239
8240
8241
8244
8250
8251
8254
8258
8259
8259
8261
8261
8263
8267
8268
8269
8272
8274
8275
8276
8277
8277
8281
8284
8289
8291
8291
8292
8295
8297
8297
8298
8301
8304
8304
8304
8306
8306
8308
8316
8317
8317
8318
8319
8319
8319
8322
8323
8323
8323
8324
8324
8330
8340
8345
8349
8349
8350
8352
8352
8354
8356
8357
8358
8359
8361
8361
8363
8363
8364
8367
8368
8370
8371
8373
8376
8379
8380
8380
8386
8391
8391
8392
8395
8399
8400
8402
8403
8404
8404
8405
8409
8409
8409
8410
8410
8411
8413
8413
8413
8415
8416
8419
8419
8421
8422
8422
8425
8426
8434
8438
8441
8444
8444
8446
8446
8449
8451
8453
8454
8455
8457
8458
8458
8458
8461
8462
8462
8465
8467
8467
8469
8470
8471
8473
8475
8475
8476
8477
8477
8477
8477
8479
8480
8480
8484
8484
8489
8489
8491
8492
8493
8495
8498
8498
8500
8501
8501
8505
8506
8510
8515
8518
8519
8522
8523
8524
8525
8528
8528
8531
8533
8533
8535
8538
8538
8540
8545
8548
8548
8550
8551
8552
8552
8554
8554
8557
8559
8560
8561
8564
8564
8565
8567
8572
8573
8575
8575
8576
8576
8578
8579
8581
8582
8583
8585
8589
8591
8592
8595
8596
8599
8603
8603
8603
8605
8606
8608
8609
8614
8615
8616
8623
8625
8626
8627
8628
8631
8631
8632
8633
8636
8637
8640
8640
8640
8644
8647
8647
8649
8651
8652
8653
8658
8660
8660
8661
8663
8664
8664
8675
8676
8676
8679
8679
8681
8681
8690
8691
8693
8694
8701
8711
8712
8713
8714
8718
8722
8722
8725
8726
8728
8730
8731
8731
8731
8732
8732
8733
8735
8738
8743
8745
8748
8752
8754
8756
8758
8759
8760
8762
8763
8767
8771
8775
8776
8777
8778
8779
8779
8779
8782
8783
8784
8792
8795
8795
8798
8800
8803
8804
8805
8808
8812
8814
8816
8816
8822
8824
8827
8829
8829
8833
8836
8837
8838
8838
8839
8841
8843
8845
8845
8849
8851
8857
8859
8859
8861
8865
8873
8880
8883
8884
8886
8889
8891
8891
8891
8893
8894
8897
8898
8899
8900
8904
8906
8909
8913
8922
8922
8924
8925
8925
8927
8929
8931
8931
8933
8934
8935
8938
8942
8948
8948
8956
8959
8960
8964
8972
8973
8978
8981
8985
8993
8998
8998
9002
9008
9008
9010
9012
9014
9016
9019
9021
9022
9022
9024
9026
9029
9035
9035
9035
9036
9036
9039
9043
9046
9050
9054
9055
9055
9059
9061
9068
9074
9076
9078
9085
9086
9087
9090
9093
9093
9094
9094
9098
9101
9105
9106
9109
9109
9110
9113
9113
9114
9120
9120
9127
9128
9130
9132
9137
9139
9140
9140
9142
9143
9144
9144
9145
9145
9151
9152
9152
9156
9158
9160
9165
9167
9168
9168
9170
9170
9170
9173
9176
9178
9181
9181
9182
9182
9183
9185
9186
9187
9187
9188
9190
9191
9197
9198
9198
9199
9202
9202
9206
9211
9211
9218
9220
9221
9224
9225
9226
9231
9232
9233
9237
9238
9238
9240
9241
9242
9242
9243
9250
9252
9252
9253
9255
9259
9260
9263
9264
9264
9265
9266
9266
9266
9267
9268
9270
9272
9272
9274
9277
9277
9278
9278
9278
9278
9278
9280
9285
9287
9288
9293
9294
9295
9295
9295
9296
9297
9299
9300
9307
9308
9309
9310
9315
9318
9319
9320
9321
9322
9327
9327
9328
9331
9332
9335
9337
9338
9338
9339
9340
9340
9344
9350
9351
9356
9357
9360
9363
9365
9368
9373
9375
9379
9382
9382
9383
9384
9388
9391
9391
9392
9393
9400
9404
9411
9415
9417
9417
9418
9419
9420
9420
9424
9426
9431
9432
9434
9436
9437
9442
9445
9446
9447
9448
9450
9450
9452
9454
9460
9464
9464
9464
9465
9466
9475
9476
9478
9479
9481
9482
9486
9490
9491
9492
9498
9498
9498
9499
9501
9506
9507
9507
9510
9515
9517
9518
9518
9526
9530
9530
9531
9533
9536
9539
9540
9541
9541
9543
9544
9544
9545
9546
9547
9549
9549
9550
9553
9553
9555
9557
9559
9564
9564
9565
9566
9571
9572
9572
9573
9574
9575
9575
9578
9580
9581
9582
9582
9583
9586
9590
9591
9591
9593
9593
9594
9594
9596
9596
9597
9599
9599
9600
9604
9604
9604
9605
9605
9607
9607
9609
9609
9614
9616
9619
9628
9630
9632
9634
9645
9652
9658
9658
9659
9661
9664
9665
9665
9670
9679
9679
9679
9680
9682
9683
9683
9684
9685
9685
9686
9686
9687
9688
9695
9696
9698
9701
9705
9705
9705
9707
9717
9717
9719
9720
9724
9727
9729
9730
9731
9731
9733
9736
9737
9737
9739
9741
9744
9747
9750
9753
9753
9755
9759
9759
9762
9763
9765
9766
9774
9774
9774
9777
9779
9779
9780
9782
9783
9784
9787
9787
9788
9791
9791
9793
9793
9795
9796
9797
9797
9803
9804
9808
9812
9814
9814
9815
9819
9820
9821
9825
9829
9831
9831
9834
9836
9837
9837
9837
9839
9840
9846
9847
9847
9848
9851
9852
9852
9855
9858
9860
9861
9864
9864
9870
9871
9872
9873
9881
9884
9885
9885
9886
9888
9889
9890
9891
9894
9897
9898
9898
9900
9901
9902
9905
9906
9908
9912
9915
9916
9917
9917
9918
9919
9921
9924
9928
9928
9929
9929
9936
9936
9939
9940
9941
9941
9942
9946
9951
9955
9957
9959
9963
9964
9965
9966
9969
9970
9972
9973
9973
9974
9975
9975
9976
9979
9980
9981
9982
9983
9984
9986
9987
9993
