3
4
6
9
10
10
10
12
12
13
13
21
24
26
30
30
31
35
36
40
41
42
42
43
47
47
47
49
52
52
53
53
54
55
55
57
58
59
62
65
77
78
79
80
81
86
91
94
96
100
102
104
104
106
110
111
122
134
136
138
138
138
141
142
150
150
155
161
161
161
165
168
171
174
175
177
178
179
181
181
182
185
196
196
201
203
204
205
206
208
208
214
215
216
216
217
218
219
219
223
226
228
232
235
236
237
239
243
244
250
251
252
255
257
257
259
260
263
263
264
265
268
269
270
271
272
273
276
276
279
281
281
282
282
284
285
288
288
291
294
298
303
306
307
312
317
320
322
324
327
332
333
333
338
341
342
349
352
356
358
361
367
373
374
375
379
379
381
383
386
387
390
390
391
393
394
400
402
410
415
418
421
421
421
423
425
426
428
428
430
431
437
438
440
441
443
443
449
451
451
454
460
464
467
468
471
477
489
489
490
490
492
494
495
498
498
499
500
501
506
506
508
508
511
512
514
514
514
514
515
516
520
521
521
526
530
533
538
538
543
544
551
553
556
559
560
561
561
565
565
568
569
573
577
577
578
583
586
587
589
590
591
595
595
598
599
602
603
606
607
607
610
610
616
617
618
618
621
623
624
627
628
629
630
631
633
639
640
640
641
646
649
653
656
660
663
665
675
677
679
682
683
687
690
691
691
697
698
698
704
708
708
708
709
710
713
713
714
716
721
722
723
727
729
729
732
735
738
743
747
749
749
752
753
755
755
757
758
764
767
773
774
775
776
776
777
781
781
784
784
785
786
788
797
797
800
812
817
818
818
819
823
823
833
833
834
837
838
838
838
839
839
839
839
844
847
847
848
849
849
850
855
856
859
859
861
861
863
869
869
869
872
873
874
874
875
876
878
879
879
884
885
890
890
895
896
897
897
897
898
899
902
903
904
904
906
914
917
917
917
918
920
921
925
928
932
933
933
935
936
939
940
941
942
944
944
944
945
945
946
949
949
950
950
953
957
958
960
968
974
978
979
982
986
986
990
992
992
995
996
996
998
1000
1003
1010
1011
1011
1013
1014
1016
1020
1023
1027
1030
1032
1033
1033
1037
1038
1039
1041
1045
1048
1054
1056
1059
1062
1066
1068
1069
1073
1078
1084
1085
1088
1089
1089
1090
1090
1093
1093
1093
1095
1095
1096
1097
1104
1105
1107
1108
1108
1109
1110
1111
1112
1115
1116
1117
1117
1118
1119
1125
1126
1127
1133
1134
1134
1136
1137
1138
1141
1142
1145
1145
1150
1150
1152
1170
1174
1175
1175
1176
1177
1179
1180
1183
1183
1183
1183
1190
1192
1195
1202
1203
1206
1208
1209
1213
1216
1217
1218
1224
1226
1228
1229
1234
1234
1235
1235
1235
1237
1239
1239
1239
1240
1240
1246
1247
1247
1248
1248
1250
1251
1254
1255
1256
1258
1260
1262
1262
1263
1264
1265
1268
1268
1269
1272
1273
1274
1274
1274
1276
1276
1278
1284
1292
1293
1293
1295
1299
1302
1307
1308
1310
1312
1312
1313
1316
1318
1319
1321
1323
1324
1325
1325
1326
1327
1327
1328
1329
1329
1331
1333
1334
1334
1334
1340
1342
1342
1344
1348
1349
1358
1364
1369
1370
1370
1372
1374
1377
1379
1380
1381
1382
1383
1386
1388
1389
1390
1391
1392
1395
1398
1400
1405
1406
1406
1411
1411
1412
1413
1416
1417
1419
1419
1419
1422
1423
1431
1433
1434
1438
1438
1440
1442
1443
1443
1449
1452
1455
1456
1458
1460
1466
1467
1470
1471
1472
1473
1475
1476
1477
1480
1482
1489
1490
1491
1495
1497
1498
1499
1502
1506
1506
1508
1510
1511
1511
1513
1514
1515
1517
1524
1527
1533
1534
1534
1541
1541
1543
1543
1543
1546
1546
1547
1548
1550
1554
1556
1557
1558
1558
1559
1561
1564
1565
1567
1578
1581
1582
1584
1586
1588
1591
1592
1592
1593
1594
1597
1598
1598
1598
1601
1601
1603
1604
1605
1606
1607
1607
1613
1613
1614
1615
1615
1617
1619
1620
1622
1626
1627
1627
1631
1633
1634
1635
1640
1641
1642
1645
1646
1646
1647
1648
1649
1650
1655
1657
1659
1660
1662
1664
1664
1667
1670
1676
1678
1678
1682
1685
1688
1690
1690
1690
1691
1692
1693
1694
1698
1698
1699
1700
1700
1704
1706
1707
1709
1715
1716
1718
1719
1721
1721
1737
1737
1738
1742
1749
1751
1751
1756
1756
1756
1756
1759
1761
1762
1762
1765
1769
1770
1770
1771
1771
1775
1777
1778
1784
1785
1787
1792
1792
1794
1794
1795
1797
1797
1798
1801
1803
1806
1810
1811
1814
1815
1815
1817
1819
1822
1822
1824
1827
1828
1830
1832
1832
1833
1836
1837
1839
1841
1843
1845
1849
1849
1850
1851
1858
1858
1860
1862
1862
1862
1863
1864
1866
1873
1876
1877
1879
1880
1882
1883
1883
1891
1892
1898
1899
1899
1900
1908
1915
1918
1922
1923
1927
1928
1929
1929
1935
1936
1937
1937
1938
1942
1946
1949
1949
1954
1955
1956
1956
1958
1958
1958
1961
1971
1973
1975
1975
1978
1979
1979
1980
1983
1984
1984
1985
1986
1987
1989
1991
1992
1997
1997
2006
2007
2008
2011
2013
2016
2016
2020
2022
2022
2024
2024
2025
2027
2031
2034
2034
2037
2039
2049
2055
2060
2061
2065
2065
2067
2068
2069
2070
2072
2075
2077
2078
2081
2082
2082
2085
2086
2087
2087
2087
2096
2098
2099
2105
2108
2109
2118
2120
2121
2124
2126
2127
2128
2132
2133
2133
2134
2135
2136
2136
2140
2142
2145
2145
2147
2151
2152
2153
2154
2154
2156
2157
2161
2162
2163
2163
2165
2168
2170
2172
2172
2173
2174
2176
2181
2184
2185
2185
2187
2187
2188
2188
2189
2190
2195
2195
2198
2201
2204
2206
2210
2210
2219
2219
2221
2224
2224
2226
2228
2229
2233
2234
2235
2237
2237
2238
2240
2242
2243
2243
2246
2253
2254
2255
2255
2256
2256
2257
2259
2260
2260
2265
2266
2267
2270
2271
2272
2272
2277
2278
2279
2279
2281
2283
2284
2285
2285
2285
2287
2291
2292
2296
2296
2299
2299
2301
2303
2314
2315
2317
2318
2321
2321
2322
2323
2324
2326
2326
2327
2327
2330
2331
2332
2334
2338
2338
2340
2341
2343
2344
2348
2350
2351
2353
2353
2355
2357
2363
2366
2371
2371
2372
2372
2373
2373
2375
2375
2376
2376
2376
2378
2379
2380
2381
2381
2381
2383
2385
2388
2389
2391
2392
2392
2393
2394
2396
2397
2402
2405
2408
2408
2408
2409
2410
2413
2413
2414
2420
2422
2425
2425
2426
2428
2432
2432
2432
2432
2435
2435
2435
2435
2436
2437
2439
2440
2442
2442
2443
2444
2446
2447
2448
2450
2452
2453
2454
2458
2458
2461
2464
2468
2471
2471
2472
2472
2474
2482
2487
2489
2489
2492
2492
2498
2498
2502
2503
2503
2503
2507
2507
2509
2514
2515
2515
2515
2516
2518
2518
2520
2521
2524
2524
2524
2525
2525
2526
2528
2529
2530
2530
2531
2533
2536
2541
2544
2546
2551
2553
2554
2557
2559
2559
2562
2563
2565
2565
2566
2567
2568
2569
2572
2572
2572
2574
2581
2581
2583
2584
2591
2591
2594
2597
2597
2600
2601
2601
2602
2603
2605
2609
2613
2616
2616
2620
2620
2622
2635
2637
2640
2642
2645
2650
2653
2653
2654
2656
2662
2664
2669
2671
2674
2676
2677
2677
2678
2681
2684
2687
2689
2689
2690
2690
2694
2695
2706
2708
2709
2709
2709
2709
2712
2713
2713
2715
2717
2721
2722
2727
2728
2731
2733
2737
2740
2744
2747
2748
2748
2748
2751
2751
2752
2754
2755
2760
2761
2763
2766
2766
2768
2768
2768
2769
2774
2775
2777
2779
2779
2780
2782
2785
2788
2789
2791
2794
2794
2794
2795
2796
2797
2800
2801
2806
2808
2813
2821
2823
2825
2825
2826
2826
2828
2828
2830
2831
2831
2831
2832
2834
2834
2835
2836
2840
2844
2845
2845
2849
2853
2854
2856
2859
2860
2864
2865
2869
2872
2873
2876
2877
2877
2878
2879
2880
2881
2881
2882
2885
2886
2888
2889
2891
2894
2900
2900
2901
2902
2903
2903
2907
2907
2910
2911
2912
2913
2914
2916
2917
2920
2923
2930
2931
2932
2935
2937
2937
2938
2938
2942
2942
2944
2948
2948
2950
2951
2952
2955
2955
2956
2956
2959
2959
2960
2963
2967
2968
2969
2970
2971
2972
2972
2973
2973
2976
2978
2981
2985
2989
2990
2990
2991
2993
2993
2995
3001
3004
3004
3006
3008
3008
3010
3014
3015
3017
3018
3019
3022
3022
3025
3025
3030
3030
3032
3036
3038
3039
3039
3039
3042
3042
3044
3046
3046
3049
3051
3052
3053
3053
3058
3061
3062
3064
3069
3070
3071
3074
3076
3077
3077
3081
3082
3082
3083
3089
3089
3092
3098
3098
3099
3099
3102
3104
3104
3106
3106
3108
3110
3110
3112
3114
3115
3121
3121
3124
3128
3128
3129
3130
3133
3133
3135
3135
3135
3137
3140
3142
3145
3145
3150
3154
3156
3156
3157
3158
3159
3162
3162
3165
3167
3174
3175
3176
3177
3178
3179
3179
3184
3185
3187
3188
3190
3192
3192
3192
3196
3198
3198
3199
3199
3201
3203
3203
3204
3207
3209
3217
3217
3219
3219
3221
3223
3224
3225
3225
3226
3229
3231
3232
3235
3236
3236
3238
3239
3239
3240
3245
3251
3258
3262
3266
3267
3268
3269
3270
3274
3276
3276
3277
3278
3280
3280
3282
3284
3292
3292
3294
3296
3297
3307
3308
3309
3310
3312
3313
3319
3326
3328
3329
3331
3332
3335
3336
3340
3342
3347
3348
3349
3351
3351
3355
3358
3364
3366
3369
3373
3377
3378
3382
3384
3385
3385
3387
3388
3390
3390
3392
3393
3396
3397
3401
3405
3406
3408
3408
3411
3416
3421
3422
3425
3427
3428
3429
3430
3431
3431
3432
3434
3440
3440
3442
3445
3446
3446
3447
3448
3450
3450
3454
3456
3457
3460
3461
3461
3462
3465
3467
3467
3468
3472
3472
3476
3482
3488
3488
3489
3492
3494
3495
3495
3497
3501
3503
3506
3509
3511
3512
3516
3517
3517
3518
3523
3527
3527
3527
3528
3533
3534
3535
3537
3538
3538
3541
3541
3543
3545
3552
3556
3556
3561
3561
3565
3568
3568
3568
3569
3571
3576
3577
3579
3581
3582
3584
3585
3586
3586
3590
3590
3593
3594
3598
3601
3604
3606
3610
3610
3617
3618
3620
3623
3623
3624
3624
3625
3626
3628
3628
3628
3629
3630
3630
3630
3630
3631
3632
3634
3636
3636
3636
3637
3637
3639
3640
3641
3641
3642
3642
3643
3644
3645
3646
3648
3657
3661
3662
3663
3665
3667
3668
3671
3677
3679
3679
3680
3682
3685
3691
3693
3693
3696
3697
3698
3698
3700
3705
3709
3709
3713
3715
3717
3718
3720
3722
3729
3731
3734
3739
3740
3743
3744
3746
3750
3751
3752
3753
3757
3758
3759
3762
3763
3763
3763
3764
3766
3770
3772
3776
3781
3781
3782
3783
3784
3786
3787
3789
3797
3799
3799
3803
3804
3805
3806
3809
3810
3810
3811
3812
3819
3819
3827
3827
3828
3830
3831
3832
3833
3834
3835
3837
3839
3839
3840
3841
3841
3844
3845
3847
3854
3856
3858
3858
3866
3866
3866
3867
3868
3870
3872
3874
3877
3879
3879
3879
3880
3881
3881
3882
3883
3885
3885
3885
3886
3886
3888
3889
3891
3899
3899
3900
3901
3901
3903
3905
3906
3907
3909
3910
3912
3913
3918
3923
3924
3926
3929
3937
3938
3944
3945
3945
3946
3947
3948
3948
3955
3955
3957
3968
3970
3970
3971
3971
3973
3976
3976
3982
3984
3985
3987
3993
3994
3995
3996
3997
4000
4001
4002
4004
4008
4011
4011
4012
4012
4013
4013
4014
4017
4018
4019
4022
4025
4029
4031
4032
4035
4039
4041
4049
4050
4057
4058
4059
4059
4060
4063
4063
4069
4070
4076
4076
4076
4079
4081
4084
4087
4088
4089
4096
4099
4100
4100
4100
4101
4102
4102
4107
4109
4119
4119
4119
4120
4121
4122
4129
4130
4132
4132
4134
4134
4134
4137
4137
4138
4138
4139
4147
4148
4150
4151
4154
4155
4157
4158
4160
4162
4167
4170
4172
4177
4178
4179
4189
4195
4201
4202
4203
4205
4205
4205
4208
4211
4213
4213
4213
4214
4216
4216
4216
4217
4217
4220
4223
4223
4225
4226
4227
4227
4234
4236
4240
4243
4244
4247
4250
4250
4252
4253
4254
4255
4260
4260
4263
4265
4271
4274
4276
4276
4276
4284
4291
4293
4294
4295
4308
4309
4313
4314
4317
4321
4321
4325
4326
4328
4330
4332
4333
4340
4342
4346
4346
4346
4347
4351
4353
4361
4364
4365
4365
4368
4370
4372
4373
4377
4379
4380
4383
4383
4386
4394
4401
4402
4404
4407
4409
4411
4412
4418
4418
4422
4428
4429
4431
4435
4438
4439
4439
4440
4440
4440
4444
4445
4446
4447
4447
4449
4452
4453
4458
4458
4460
4462
4466
4467
4468
4470
4475
4476
4478
4478
4482
4483
4486
4490
4490
4491
4496
4496
4499
4499
4499
4500
4501
4504
4504
4504
4506
4506
4507
4509
4511
4515
4516
4517
4523
4524
4530
4532
4532
4535
4536
4536
4537
4538
4538
4540
4541
4542
4543
4543
4544
4545
4549
4550
4554
4557
4558
4563
4567
4569
4571
4575
4582
4584
4584
4587
4588
4592
4592
4593
4595
4597
4599
4600
4601
4603
4603
4608
4609
4609
4609
4610
4610
4613
4614
4617
4620
4621
4621
4624
4624
4626
4627
4628
4631
4631
4633
4635
4635
4636
4638
4642
4648
4653
4655
4657
4661
4662
4663
4666
4669
4671
4672
4674
4674
4676
4677
4680
4683
4684
4685
4692
4695
4695
4696
4702
4706
4710
4711
4712
4713
4715
4716
4718
4719
4719
4721
4722
4723
4727
4727
4727
4730
4734
4737
4738
4739
4740
4742
4746
4753
4754
4756
4757
4758
4762
4762
4764
4765
4769
4769
4769
4770
4772
4773
4774
4775
4777
4777
4778
4784
4789
4790
4793
4798
4799
4801
4801
4803
4803
4813
4814
4814
4815
4816
4823
4824
4824
4824
4829
4829
4830
4832
4837
4840
4840
4841
4842
4843
4843
4844
4846
4847
4850
4852
4852
4853
4855
4856
4859
4861
4861
4867
4869
4869
4870
4872
4874
4882
4882
4884
4888
4890
4892
4895
4898
4899
4899
4905
4907
4912
4916
4917
4919
4920
4921
4923
4926
4930
4931
4932
4933
4939
4940
4943
4944
4947
4951
4952
4954
4955
4958
4958
4964
4966
4971
4971
4972
4981
4985
4986
4986
4986
4988
4990
4990
4992
4992
4994
4995
4999
5001
5002
5005
5005
5007
5008
5008
5008
5011
5012
5013
5014
5017
5020
5021
5022
5023
5023
5023
5023
5025
5029
5030
5030
5031
5031
5031
5034
5034
5043
5050
5052
5052
5055
5063
5063
5072
5072
5073
5074
5077
5078
5078
5079
5080
5080
5080
5081
5082
5087
5088
5089
5091
5091
5092
5095
5095
5102
5109
5110
5110
5112
5112
5114
5115
5118
5118
5119
5119
5119
5126
5126
5126
5129
5129
5129
5129
5130
5132
5136
5143
5145
5146
5157
5158
5161
5162
5166
5167
5171
5171
5174
5174
5176
5178
5185
5186
5187
5188
5193
5195
5195
5197
5203
5204
5206
5211
5213
5213
5214
5214
5214
5216
5220
5221
5221
5225
5226
5227
5228
5230
5230
5232
5233
5234
5234
5235
5238
5239
5240
5242
5244
5252
5253
5256
5257
5260
5262
5262
5263
5263
5265
5266
5266
5267
5270
5270
5273
5280
5281
5287
5290
5292
5293
5293
5295
5295
5296
5297
5298
5300
5301
5301
5301
5302
5305
5309
5310
5312
5312
5313
5314
5319
5320
5324
5324
5325
5329
5330
5332
5333
5337
5339
5339
5339
5343
5344
5346
5349
5352
5352
5353
5354
5356
5358
5359
5361
5363
5364
5366
5366
5366
5372
5373
5373
5374
5375
5375
5375
5377
5379
5381
5388
5390
5391
5396
5401
5420
5421
5422
5423
5424
5424
5427
5430
5431
5435
5436
5436
5441
5442
5443
5444
5446
5449
5449
5451
5452
5457
5459
5460
5461
5466
5466
5466
5466
5470
5472
5472
5473
5474
5478
5479
5481
5490
5493
5493
5498
5504
5505
5506
5507
5509
5519
5523
5523
5526
5526
5527
5528
5529
5530
5530
5530
5533
5535
5535
5537
5540
5544
5544
5548
5552
5554
5555
5557
5559
5562
5564
5565
5567
5571
5572
5575
5576
5580
5581
5586
5587
5589
5590
5590
5592
5593
5595
5596
5598
5599
5606
5606
5607
5607
5607
5608
5608
5609
5611
5613
5614
5616
5620
5620
5623
5627
5628
5629
5629
5632
5636
5636
5638
5638
5642
5642
5652
5654
5654
5658
5663
5663
5663
5666
5666
5674
5674
5677
5679
5680
5681
5683
5686
5686
5688
5692
5692
5693
5694
5695
5696
5706
5707
5707
5708
5714
5715
5716
5716
5717
5721
5724
5726
5726
5726
5727
5727
5732
5733
5733
5733
5734
5737
5738
5742
5742
5742
5743
5745
5747
5748
5754
5755
5757
5757
5757
5758
5762
5762
5764
5766
5768
5770
5773
5773
5773
5774
5780
5783
5784
5784
5785
5786
5788
5790
5794
5794
5801
5803
5805
5807
5814
5818
5823
5823
5824
5827
5827
5830
5830
5835
5836
5838
5838
5840
5841
5842
5842
5844
5847
5848
5849
5851
5854
5856
5860
5862
5863
5866
5872
5872
5873
5875
5879
5883
5884
5888
5897
5898
5898
5903
5904
5905
5906
5907
5908
5909
5910
5914
5914
5914
5916
5916
5917
5917
5919
5919
5922
5922
5927
5932
5932
5932
5932
5934
5936
5937
5937
5938
5939
5941
5941
5943
5944
5946
5951
5951
5955
5959
5959
5959
5960
5962
5962
5962
5962
5963
5964
5965
5966
5967
5976
5977
5979
5979
5984
5986
5986
5988
5990
5992
5993
5993
5995
5996
5997
5997
5998
5999
6000
6000
6006
6006
6006
6006
6010
6019
6019
6020
6020
6021
6023
6023
6024
6024
6025
6029
6030
6030
6032
6032
6036
6037
6038
6039
6040
6040
6041
6042
6042
6045
6047
6049
6050
6050
6050
6052
6058
6064
6068
6070
6071
6071
6077
6077
6078
6080
6081
6082
6093
6097
6104
6104
6108
6109
6111
6111
6113
6114
6114
6117
6118
6124
6128
6128
6134
6134
6135
6136
6139
6145
6149
6151
6151
6152
6155
6158
6167
6167
6169
6170
6171
6172
6174
6175
6175
6179
6185
6185
6186
6187
6190
6191
6191
6191
6197
6199
6199
6199
6208
6209
6213
6214
6215
6217
6218
6219
6221
6221
6221
6222
6223
6226
6227
6235
6235
6235
6238
6242
6245
6245
6246
6249
6250
6253
6255
6256
6259
6260
6261
6261
6262
6263
6264
6268
6268
6270
6275
6279
6280
6283
6283
6293
6297
6299
6300
6301
6303
6305
6308
6309
6311
6312
6312
6313
6314
6315
6319
6320
6323
6325
6326
6326
6333
6333
6334
6334
6336
6337
6344
6345
6347
6355
6356
6360
6361
6364
6366
6367
6367
6371
6375
6377
6382
6382
6382
6383
6387
6391
6392
6394
6396
6396
6400
6401
6406
6409
6411
6412
6415
6415
6416
6423
6424
6426
6428
6431
6431
6431
6432
6433
6433
6433
6436
6437
6441
6441
6441
6444
6447
6448
6448
6459
6460
6465
6466
6468
6473
6480
6483
6492
6493
6496
6499
6503
6505
6506
6509
6512
6513
6514
6514
6515
6516
6527
6527
6528
6532
6534
6535
6541
6543
6543
6544
6544
6545
6549
6550
6552
6553
6554
6555
6556
6557
6566
6574
6574
6581
6583
6584
6585
6589
6590
6592
6592
6593
6602
6608
6610
6613
6614
6614
6615
6619
6621
6623
6626
6627
6629
6632
6632
6634
6634
6637
6641
6645
6646
6648
6651
6652
6654
6657
6658
6661
6663
6663
6664
6664
6664
6668
6670
6673
6674
6674
6674
6684
6687
6691
6692
6694
6695
6697
6700
6700
6705
6705
6707
6707
6707
6708
6712
6713
6714
6718
6722
6723
6727
6730
6730
6733
6736
6736
6737
6738
6738
6739
6739
6742
6743
6745
6746
6749
6751
6754
6755
6757
6758
6758
6760
6760
6762
6766
6767
6771
6775
6777
6779
6780
6782
6784
6790
6791
6792
6796
6798
6801
6802
6803
6806
6808
6809
6813
6817
6822
6825
6826
6829
6833
6836
6838
6840
6846
6848
6850
6855
6856
6858
6860
6861
6865
6869
6870
6872
6875
6875
6875
6876
6876
6879
6880
6886
6893
6896
6902
6904
6904
6905
6905
6906
6907
6910
6915
6916
6916
6917
6920
6925
6932
6933
6934
6935
6937
6938
6940
6944
6946
6949
6949
6949
6950
6950
6953
6955
6955
6957
6960
6961
6963
6964
6964
6964
6966
6966
6967
6968
6969
6970
6973
6973
6974
6975
6976
6978
6979
6979
6979
6984
6984
6985
6985
6985
6990
6990
6991
6994
6994
7000
7001
7001
7002
7007
7010
7014
7017
7021
7022
7025
7026
7029
7030
7033
7033
7035
7036
7036
7040
7048
7048
7050
7051
7051
7051
7053
7055
7063
7063
7063
7064
7065
7065
7065
7065
7067
7069
7069
7070
7073
7077
7077
7082
7083
7088
7089
7090
7093
7101
7102
7102
7104
7106
7107
7110
7110
7112
7114
7116
7118
7120
7128
7130
7131
7132
7133
7133
7136
7137
7138
7138
7139
7141
7144
7146
7150
7150
7150
7151
7151
7156
7159
7163
7164
7165
7168
7170
7173
7177
7180
7180
7184
7187
7188
7189
7190
7190
7191
7194
7195
7195
7196
7202
7207
7211
7212
7212
7213
7213
7216
7217
7219
7220
7220
7221
7224
7225
7226
7232
7234
7234
7236
7236
7238
7239
7240
7241
7242
7243
7248
7254
7254
7256
7258
7259
7260
7261
7262
7264
7266
7266
7266
7267
7268
7272
7274
7275
7281
7281
7282
7282
7284
7285
7285
7286
7288
7288
7291
7292
7293
7293
7296
7296
7297
7299
7303
7308
7308
7308
7312
7313
7314
7317
7318
7319
7321
7322
7325
7326
7326
7329
7332
7333
7334
7339
7340
7340
7342
7347
7349
7351
7351
7353
7353
7353
7356
7357
7358
7362
7363
7365
7368
7369
7369
7369
7375
7375
7377
7378
7379
7380
7382
7386
7387
7388
7388
7393
7393
7394
7398
7402
7402
7405
7412
7415
7415
7415
7415
7416
7416
7418
7420
7425
7426
7426
7429
7430
7430
7433
7435
7437
7438
7442
7442
7443
7443
7444
7445
7450
7453
7454
7465
7465
7466
7469
7472
7474
7479
7480
7483
7485
7487
7488
7491
7495
7497
7497
7498
7502
7505
7505
7508
7508
7514
7514
7516
7517
7519
7525
7527
7529
7529
7531
7533
7537
7543
7544
7550
7550
7554
7558
7560
7561
7563
7564
7565
7572
7574
7575
7576
7576
7578
7586
7588
7589
7592
7593
7596
7598
7599
7600
7601
7602
7602
7602
7603
7604
7604
7610
7613
7618
7621
7622
7626
7630
7632
7632
7633
7634
7637
7639
7642
7643
7650
7659
7663
7664
7667
7669
7671
7677
7680
7684
7685
7687
7687
7687
7691
7694
7695
7695
7695
7697
7704
7705
7706
7707
7709
7711
7711
7713
7714
7717
7717
7723
7724
7726
7729
7729
7730
7731
7731
7733
7737
7739
7744
7748
7749
7752
7753
7753
7758
7759
7769
7771
7773
7774
7778
7779
7788
7788
7788
7790
7790
7794
7794
7796
7798
7800
7803
7805
7808
7808
7814
7814
7815
7818
7819
7820
7822
7823
7826
7827
7830
7833
7833
7834
7837
7840
7843
7844
7853
7854
7855
7858
7859
7860
7865
7865
7867
7869
7870
7871
7873
7873
7876
7876
7877
7891
7895
7895
7898
7898
7899
7901
7903
7903
7904
7905
7905
7905
7905
7906
7909
7911
7911
7912
7912
7912
7913
7913
7914
7915
7920
7921
7922
7923
7924
7927
7929
7929
7931
7932
7935
7936
7936
7936
7938
7939
7940
7940
7943
7944
7947
7949
7951
7951
7951
7951
7952
7952
7953
7957
7958
7958
7968
7969
7973
7974
7975
7976
7978
7982
7985
7985
7985
7987
7989
7991
7991
7991
7993
7993
7996
7996
7996
7997
7997
8006
8008
8009
8015
8017
8020
8024
8029
8030
8030
8031
8032
8037
8037
8039
8051
8053
8053
8053
8055
8057
8059
8059
8059
8064
8064
8067
8067
8067
8070
8070
8070
8072
8074
8075
8075
8076
8080
8085
8088
8089
8090
8090
8090
8090
8091
8092
8092
8094
8095
8101
8102
8102
8103
8105
8107
8108
8110
8110
8113
8114
8114
8115
8115
8118
8118
8120
8120
8124
8124
8126
8127
8135
8135
8138
8144
8146
8149
8149
8149
8153
8156
8158
8158
8159
8159
8161
8162
8165
8167
8168
8170
8176
8178
8180
8181
8182
8185
8186
8188
8191
8191
8192
8193
8196
8197
8198
8198
8201
8201
8206
8209
8210
8211
8213
8215
8215
8217
8218
8221
8225
8226
8227
8230
8233
8233
8233
8234
8234
8236
8238
8243
8246
8248
8249
8250
8254
8257
8257
8258
8262
8262
8266
8273
8273
8273
8274
8275
8276
8278
8278
8278
8281
8284
8286
8289
8300
8301
8303
8305
8305
8305
8306
8307
8315
8322
8322
8323
8330
8330
8332
8334
8336
8337
8338
8339
8344
8344
8345
8348
8350
8352
8352
8354
8356
8357
8358
8359
8361
8361
8364
8366
8372
8373
8373
8378
8379
8381
8383
8383
8387
8392
8393
8395
8401
8408
8409
8414
8418
8420
8427
8430
8436
8437
8440
8440
8441
8444
8452
8454
8459
8460
8461
8461
8462
8462
8462
8463
8468
8468
8471
8472
8472
8473
8482
8482
8482
8483
8486
8488
8489
8489
8492
8495
8496
8497
8497
8498
8499
8501
8503
8503
8510
8510
8516
8517
8518
8519
8523
8523
8526
8532
8534
8539
8552
8555
8555
8556
8558
8564
8565
8565
8567
8569
8569
8574
8576
8577
8578
8580
8582
8582
8585
8591
8593
8593
8599
8599
8605
8605
8606
8607
8610
8613
8614
8615
8617
8619
8620
8620
8621
8624
8628
8629
8629
8630
8632
8638
8640
8645
8647
8650
8653
8653
8654
8660
8660
8661
8663
8664
8664
8665
8666
8668
8671
8672
8673
8676
8676
8678
8679
8680
8681
8682
8683
8685
8689
8692
8693
8696
8696
8699
8701
8703
8705
8706
8708
8711
8713
8714
8721
8721
8724
8726
8733
8733
8733
8734
8734
8734
8735
8741
8743
8743
8748
8750
8756
8759
8764
8768
8771
8773
8776
8778
8779
8780
8781
8783
8783
8784
8788
8789
8795
8796
8796
8798
8801
8802
8806
8812
8812
8815
8818
8819
8819
8820
8822
8822
8823
8824
8824
8826
8829
8829
8831
8833
8839
8839
8841
8841
8842
8845
8846
8847
8847
8849
8849
8850
8851
8854
8854
8856
8857
8858
8859
8860
8862
8863
8865
8867
8869
8872
8874
8874
8877
8878
8880
8883
8889
8895
8896
8898
8898
8902
8910
8911
8912
8912
8912
8914
8915
8922
8923
8924
8926
8927
8928
8930
8931
8934
8935
8936
8937
8937
8941
8943
8944
8946
8946
8948
8949
8950
8955
8955
8956
8957
8958
8958
8959
8960
8960
8962
8962
8965
8967
8970
8970
8972
8977
8982
8982
8986
8986
8987
8991
8993
8994
8994
8994
8994
8996
8998
9000
9001
9005
9008
9009
9011
9015
9016
9016
9016
9018
9021
9027
9028
9028
9029
9031
9032
9032
9038
9040
9054
9055
9056
9058
9060
9061
9062
9063
9063
9067
9067
9068
9073
9074
9076
9079
9080
9083
9089
9091
9092
9100
9101
9103
9106
9107
9109
9109
9115
9120
9120
9121
9122
9122
9123
9126
9129
9131
9131
9133
9134
9135
9138
9139
9142
9144
9149
9149
9150
9155
9155
9157
9158
9159
9164
9164
9167
9168
9168
9173
9175
9175
9175
9179
9181
9181
9182
9183
9187
9191
9194
9197
9197
9197
9199
9201
9207
9208
9209
9213
9213
9221
9222
9229
9229
9234
9240
9240
9241
9249
9252
9256
9256
9257
9257
9258
9262
9268
9269
9272
9272
9273
9275
9276
9277
9278
9279
9280
9282
9284
9287
9287
9292
9292
9294
9296
9300
9301
9307
9311
9313
9314
9314
9315
9315
9316
9317
9320
9320
9320
9322
9323
9326
9330
9330
9331
9334
9336
9336
9337
9340
9344
9345
9346
9350
9355
9358
9358
9361
9363
9365
9366
9369
9370
9371
9372
9372
9373
9375
9378
9382
9384
9387
9389
9390
9394
9395
9396
9405
9405
9406
9408
9408
9410
9412
9413
9419
9420
9421
9423
9426
9426
9430
9430
9435
9435
9438
9439
9440
9441
9441
9442
9443
9448
9451
9462
9464
9466
9467
9467
9473
9473
9476
9477
9478
9478
9481
9485
9486
9490
9496
9499
9502
9503
9503
9507
9507
9508
9512
9513
9514
9515
9519
9520
9520
9525
9529
9529
9530
9531
9532
9533
9537
9537
9537
9538
9542
9543
9544
9546
9548
9551
9553
9555
9559
9562
9563
9571
9571
9572
9573
9573
9575
9580
9581
9582
9582
9584
9585
9588
9593
9593
9596
9597
9598
9599
9600
9605
9614
9615
9619
9621
9623
9625
9626
9627
9631
9633
9636
9636
9637
9638
9638
9640
9640
9641
9642
9643
9646
9649
9651
9651
9657
9659
9663
9666
9674
9676
9678
9679
9681
9683
9685
9685
9687
9692
9694
9699
9701
9704
9705
9706
9707
9709
9713
9717
9720
9725
9729
9729
9735
9735
9737
9737
9738
9739
9739
9740
9744
9748
9749
9749
9750
9750
9753
9754
9758
9759
9760
9761
9764
9766
9768
9769
9775
9779
9779
9781
9781
9782
9784
9785
9785
9790
9795
9795
9795
9800
9803
9810
9811
9814
9815
9816
9823
9827
9830
9832
9833
9834
9836
9838
9839
9839
9840
9843
9846
9846
9846
9847
9848
9851
9851
9853
9853
9863
9863
9866
9866
9868
9868
9869
9874
9874
9875
9876
9880
9880
9880
9886
9886
9889
9889
9889
9890
9893
9896
9902
9903
9904
9907
9908
9908
9911
9915
9917
9923
9923
9923
9923
9926
9926
9932
9932
9932
9936
9937
9945
9946
9947
9950
9951
9952
9954
9956
9960
9961
9962
9962
9963
9967
9969
9970
9971
9983
9986
9989
9991
9993
9993
9994
9996
