3
3
4
4
6
7
9
10
10
10
12
12
13
13
16
21
22
23
24
24
26
26
28
29
30
30
31
31
33
34
34
35
35
36
37
38
38
40
40
41
41
42
42
43
46
47
47
47
49
50
52
52
52
53
53
54
54
55
55
55
55
57
57
58
59
59
62
62
64
65
66
66
68
69
69
70
72
73
75
75
77
78
79
79
80
80
81
81
81
84
86
91
92
93
94
96
96
98
100
101
102
102
103
104
104
104
106
107
109
110
111
111
118
119
121
121
122
123
124
126
126
128
128
128
133
134
136
136
137
137
138
138
138
138
141
142
143
143
144
145
146
148
148
150
150
150
151
155
155
156
156
158
160
161
161
161
163
163
165
168
168
169
171
171
171
171
172
172
174
175
175
177
177
178
179
181
181
181
182
184
185
186
189
193
195
195
196
196
196
199
200
201
203
204
205
205
206
208
208
210
212
214
215
216
216
216
216
216
217
218
219
219
219
219
219
223
225
225
226
227
227
227
228
228
228
232
232
234
234
235
236
236
237
238
239
239
240
242
242
243
244
247
250
250
251
251
252
255
256
257
257
257
259
259
259
259
260
261
261
263
263
263
264
264
265
265
265
268
269
270
271
272
273
274
275
276
276
276
278
279
281
281
281
282
282
284
285
286
288
288
290
291
292
292
294
298
300
300
303
306
307
307
308
308
309
311
311
312
313
315
317
317
320
322
323
324
327
330
332
333
333
333
334
335
337
338
341
342
347
349
351
352
356
358
358
358
358
361
362
362
363
365
366
367
367
369
371
373
374
375
376
377
378
379
379
381
383
386
386
387
388
388
389
390
390
391
393
394
394
400
400
400
400
401
402
403
406
407
409
410
410
411
412
413
415
417
418
420
421
421
421
423
425
425
425
426
427
428
428
429
430
431
436
437
438
438
440
441
441
443
443
444
447
448
449
449
449
451
451
452
454
454
454
456
458
460
461
461
462
463
464
467
467
468
470
470
471
472
474
475
477
478
479
480
481
482
488
488
489
489
490
490
490
492
492
494
495
496
497
498
498
499
500
500
501
501
502
506
506
508
508
511
512
514
514
514
514
514
515
516
516
516
516
519
520
521
521
523
526
528
529
530
530
531
533
535
538
538
538
541
543
544
548
551
553
554
555
556
556
557
558
559
560
560
561
561
561
562
562
565
565
565
566
567
568
569
569
571
573
573
574
575
577
577
578
582
582
583
584
585
586
587
589
589
590
591
592
592
593
595
595
595
595
596
598
599
602
603
604
606
607
607
608
610
610
610
611
614
616
617
618
618
618
620
621
621
622
623
624
624
626
627
628
628
629
629
630
630
631
633
633
633
634
639
639
639
640
640
641
643
643
646
648
649
651
651
652
652
653
653
654
654
655
656
660
660
662
663
665
667
674
675
675
676
677
679
680
680
682
683
683
684
685
686
687
687
688
689
690
691
691
693
695
695
696
696
696
697
698
698
698
704
705
705
707
707
707
708
708
708
709
709
710
712
712
713
713
713
714
714
716
717
720
720
721
722
722
723
723
727
727
729
729
729
730
731
732
732
735
736
738
741
742
743
746
746
747
749
749
752
753
753
754
755
755
755
756
757
758
759
760
760
760
762
764
767
767
769
769
771
773
774
775
776
776
776
776
777
777
777
778
779
781
781
781
782
784
784
785
785
786
786
786
787
788
788
789
790
795
797
797
800
806
810
811
812
812
813
815
816
817
817
818
818
818
818
819
819
820
823
823
829
831
833
833
834
834
834
835
836
837
838
838
838
839
839
839
839
839
840
841
842
843
844
847
847
848
849
849
849
850
850
851
852
854
855
856
859
859
860
860
861
861
863
868
869
869
869
869
872
873
874
874
875
876
878
879
879
880
882
882
884
885
887
887
890
890
892
892
893
894
895
896
897
897
897
898
899
899
899
899
902
902
903
904
904
906
906
909
913
914
916
917
917
917
918
918
920
920
921
922
922
924
925
925
926
926
926
927
928
930
931
932
933
933
935
936
936
937
938
939
940
940
941
942
942
944
944
944
945
945
945
946
949
949
950
950
951
951
953
954
955
957
958
958
958
959
959
960
963
967
968
969
969
971
974
974
977
978
979
980
980
981
982
983
985
986
986
987
989
990
990
991
992
992
992
995
996
996
996
997
998
1000
1001
1002
1003
1003
1004
1005
1006
1006
1007
1010
1010
1011
1011
1012
1013
1013
1014
1015
1015
1016
1017
1018
1019
1020
1021
1021
1023
1026
1026
1027
1028
1030
1030
1032
1032
1033
1033
1035
1037
1038
1038
1038
1039
1040
1040
1041
1045
1047
1048
1050
1051
1054
1055
1056
1059
1059
1059
1060
1062
1066
1068
1069
1070
1070
1071
1071
1073
1074
1074
1075
1078
1078
1078
1080
1081
1083
1084
1084
1085
1085
1088
1088
1089
1089
1090
1090
1092
1092
1093
1093
1093
1095
1095
1096
1096
1096
1097
1098
1099
1099
1100
1102
1103
1103
1104
1105
1105
1106
1107
1107
1108
1108
1109
1110
1110
1111
1112
1112
1115
1116
1117
1117
1117
1118
1119
1120
1120
1124
1125
1126
1127
1130
1133
1134
1134
1134
1134
1134
1136
1136
1137
1138
1138
1138
1140
1141
1142
1142
1144
1145
1145
1145
1148
1148
1148
1150
1150
1150
1151
1152
1152
1153
1157
1157
1159
1166
1168
1170
1170
1171
1173
1174
1175
1175
1176
1176
1176
1177
1179
1180
1183
1183
1183
1183
1183
1183
1190
1191
1191
1192
1195
1197
1197
1197
1200
1202
1202
1202
1203
1206
1208
1209
1213
1213
1213
1214
1216
1217
1217
1218
1220
1220
1221
1222
1223
1224
1224
1226
1226
1228
1228
1229
1229
1234
1234
1234
1235
1235
1235
1235
1236
1237
1237
1238
1239
1239
1239
1239
1240
1240
1240
1241
1242
1243
1246
1247
1247
1248
1248
1248
1250
1250
1251
1254
1254
1254
1255
1255
1256
1256
1257
1258
1259
1259
1259
1260
1260
1261
1261
1262
1262
1263
1263
1263
1263
1264
1264
1265
1266
1267
1268
1268
1268
1269
1270
1272
1273
1273
1274
1274
1274
1274
1275
1275
1276
1276
1278
1278
1281
1283
1284
1285
1285
1289
1292
1293
1293
1295
1299
1300
1302
1307
1307
1308
1308
1310
1310
1311
1311
1312
1312
1313
1315
1316
1318
1318
1318
1319
1319
1320
1321
1321
1323
1324
1325
1325
1326
1327
1327
1328
1329
1329
1330
1331
1331
1333
1333
1334
1334
1334
1337
1339
1340
1340
1342
1342
1344
1347
1348
1349
1349
1350
1354
1355
1355
1356
1357
1358
1358
1359
1359
1360
1361
1362
1364
1367
1369
1370
1370
1372
1373
1374
1374
1375
1375
1376
1376
1377
1379
1380
1380
1381
1381
1381
1382
1382
1383
1385
1386
1386
1388
1389
1390
1390
1391
1391
1392
1393
1395
1395
1396
1398
1398
1398
1399
1400
1403
1404
1405
1406
1406
1408
1409
1411
1411
1411
1412
1413
1414
1414
1416
1417
1419
1419
1419
1419
1420
1421
1422
1422
1422
1423
1424
1426
1427
1429
1430
1431
1432
1433
1434
1438
1438
1439
1440
1442
1442
1443
1443
1446
1446
1447
1448
1449
1450
1452
1452
1454
1455
1456
1456
1457
1458
1460
1466
1467
1467
1469
1470
1471
1471
1472
1473
1475
1475
1475
1476
1476
1477
1477
1478
1480
1482
1483
1484
1487
1488
1489
1489
1490
1490
1490
1491
1491
1493
1494
1495
1496
1497
1498
1498
1499
1499
1502
1504
1506
1506
1508
1508
1509
1510
1511
1511
1511
1512
1513
1514
1514
1514
1515
1517
1518
1520
1520
1524
1527
1527
1528
1530
1531
1533
1534
1534
1539
1541
1541
1541
1543
1543
1543
1546
1546
1547
1547
1548
1550
1551
1552
1553
1554
1554
1555
1556
1557
1557
1558
1558
1559
1559
1559
1560
1560
1561
1564
1565
1566
1567
1567
1569
1572
1577
1578
1580
1581
1582
1584
1584
1586
1587
1587
1588
1589
1589
1590
1591
1591
1592
1592
1592
1592
1592
1593
1594
1596
1597
1598
1598
1598
1598
1601
1601
1603
1604
1605
1605
1605
1606
1607
1607
1608
1610
1613
1613
1614
1615
1615
1615
1616
1617
1618
1618
1619
1620
1622
1622
1626
1627
1627
1630
1631
1631
1633
1634
1634
1635
1636
1640
1641
1642
1644
1644
1644
1645
1645
1646
1646
1647
1647
1648
1648
1649
1649
1650
1653
1655
1655
1657
1657
1659
1660
1662
1663
1664
1664
1664
1667
1667
1667
1670
1671
1675
1676
1677
1678
1678
1679
1682
1682
1682
1685
1685
1687
1687
1688
1689
1689
1690
1690
1690
1691
1692
1692
1693
1694
1694
1697
1698
1698
1699
1700
1700
1700
1700
1700
1702
1704
1705
1706
1707
1709
1709
1709
1713
1715
1716
1716
1718
1719
1721
1721
1723
1723
1725
1727
1728
1730
1736
1737
1737
1738
1738
1739
1742
1742
1744
1745
1746
1749
1749
1751
1751
1751
1754
1756
1756
1756
1756
1756
1759
1760
1760
1761
1762
1762
1763
1763
1765
1765
1765
1766
1768
1769
1770
1770
1771
1771
1771
1775
1776
1777
1777
1778
1784
1784
1785
1787
1792
1792
1793
1794
1794
1795
1797
1797
1798
1801
1803
1803
1806
1808
1809
1810
1811
1812
1814
1815
1815
1817
1819
1819
1821
1822
1822
1822
1823
1824
1827
1828
1830
1831
1832
1832
1833
1834
1835
1836
1836
1837
1837
1839
1839
1839
1841
1843
1843
1845
1849
1849
1850
1850
1851
1851
1851
1854
1855
1858
1858
1858
1858
1860
1860
1860
1860
1862
1862
1862
1863
1864
1864
1866
1869
1872
1873
1876
1876
1876
1877
1878
1878
1879
1880
1881
1881
1882
1882
1883
1883
1884
1889
1891
1892
1898
1899
1899
1900
1905
1905
1906
1906
1907
1908
1908
1915
1916
1918
1918
1922
1922
1923
1923
1923
1925
1927
1927
1928
1928
1929
1929
1930
1932
1935
1936
1937
1937
1938
1942
1946
1946
1947
1949
1949
1951
1953
1954
1955
1955
1956
1956
1957
1957
1957
1958
1958
1958
1958
1958
1959
1959
1960
1961
1963
1964
1964
1967
1967
1970
1971
1973
1973
1975
1975
1977
1978
1979
1979
1979
1980
1983
1984
1984
1985
1986
1987
1987
1988
1989
1991
1992
1992
1997
1997
1999
2001
2003
2003
2006
2007
2007
2008
2011
2012
2013
2016
2016
2017
2017
2019
2020
2022
2022
2023
2023
2023
2024
2024
2025
2025
2027
2029
2030
2031
2034
2034
2034
2037
2038
2039
2041
2043
2044
2045
2047
2049
2049
2050
2050
2055
2059
2060
2061
2063
2063
2064
2065
2065
2065
2066
2067
2068
2069
2069
2070
2072
2072
2075
2077
2078
2078
2081
2081
2082
2082
2084
2085
2085
2086
2087
2087
2087
2087
2088
2090
2094
2095
2095
2096
2096
2098
2099
2102
2104
2105
2108
2109
2110
2118
2120
2121
2121
2122
2122
2123
2124
2126
2127
2127
2128
2128
2128
2128
2129
2129
2130
2132
2132
2133
2133
2133
2134
2135
2136
2136
2136
2140
2140
2142
2143
2145
2145
2147
2147
2151
2152
2153
2153
2154
2154
2156
2157
2158
2161
2162
2162
2163
2163
2163
2165
2165
2168
2170
2170
2171
2172
2172
2172
2173
2174
2176
2179
2180
2181
2184
2185
2185
2187
2187
2187
2187
2188
2188
2189
2189
2190
2192
2192
2195
2195
2197
2198
2200
2201
2202
2203
2204
2206
2206
2207
2209
2210
2210
2211
2211
2214
2214
2215
2216
2219
2219
2219
2221
2223
2223
2224
2224
2226
2226
2226
2227
2228
2229
2230
2233
2233
2234
2234
2235
2235
2237
2237
2238
2239
2240
2241
2242
2243
2243
2244
2244
2246
2246
2248
2249
2249
2250
2252
2253
2254
2255
2255
2255
2256
2256
2257
2259
2259
2260
2260
2261
2262
2264
2265
2265
2266
2266
2267
2267
2267
2267
2268
2268
2269
2270
2270
2271
2272
2272
2276
2277
2278
2279
2279
2281
2283
2284
2285
2285
2285
2285
2287
2289
2291
2291
2291
2292
2292
2294
2295
2296
2296
2299
2299
2301
2302
2303
2303
2305
2310
2313
2313
2314
2314
2315
2316
2317
2318
2318
2321
2321
2322
2322
2322
2323
2324
2325
2326
2326
2327
2327
2330
2330
2331
2332
2334
2336
2338
2338
2338
2338
2340
2341
2341
2343
2343
2344
2348
2350
2351
2353
2353
2354
2355
2355
2357
2358
2363
2365
2365
2366
2366
2366
2366
2371
2371
2372
2372
2373
2373
2374
2375
2375
2376
2376
2376
2376
2378
2378
2379
2379
2380
2380
2381
2381
2381
2381
2382
2383
2385
2388
2389
2391
2392
2392
2392
2393
2394
2396
2396
2397
2400
2402
2402
2403
2405
2405
2408
2408
2408
2408
2409
2410
2412
2412
2413
2413
2413
2414
2414
2415
2415
2416
2417
2419
2419
2420
2421
2421
2421
2422
2422
2425
2425
2425
2426
2426
2427
2427
2428
2432
2432
2432
2432
2432
2433
2434
2434
2435
2435
2435
2435
2436
2436
2436
2437
2437
2438
2439
2439
2439
2440
2440
2442
2442
2442
2443
2443
2444
2446
2447
2448
2449
2450
2450
2452
2453
2453
2454
2456
2458
2458
2459
2460
2461
2463
2464
2464
2465
2466
2468
2470
2471
2471
2471
2472
2472
2472
2474
2474
2479
2479
2480
2480
2482
2482
2483
2484
2485
2486
2487
2488
2488
2488
2489
2489
2490
2492
2492
2493
2494
2497
2498
2498
2499
2500
2501
2502
2503
2503
2503
2504
2504
2505
2506
2507
2507
2507
2509
2509
2514
2514
2515
2515
2515
2516
2516
2517
2518
2518
2518
2519
2520
2520
2521
2521
2523
2524
2524
2524
2524
2524
2525
2525
2526
2528
2529
2529
2530
2530
2531
2531
2533
2533
2535
2536
2538
2540
2541
2541
2544
2544
2546
2547
2551
2553
2554
2555
2556
2557
2558
2559
2559
2561
2562
2563
2563
2565
2565
2565
2566
2567
2568
2568
2569
2570
2571
2572
2572
2572
2574
2574
2575
2578
2581
2581
2583
2584
2585
2588
2589
2590
2590
2590
2591
2591
2592
2594
2595
2597
2597
2598
2600
2601
2601
2601
2601
2601
2602
2603
2603
2605
2605
2606
2606
2607
2609
2609
2613
2614
2615
2616
2616
2616
2616
2617
2620
2620
2622
2623
2625
2625
2631
2635
2636
2636
2637
2638
2639
2640
2640
2641
2642
2644
2644
2645
2647
2650
2650
2653
2653
2653
2654
2656
2656
2656
2656
2657
2657
2657
2658
2659
2659
2662
2662
2664
2664
2665
2666
2666
2669
2669
2671
2674
2675
2675
2676
2677
2677
2678
2678
2679
2681
2681
2681
2684
2687
2688
2689
2689
2690
2690
2691
2691
2691
2693
2694
2694
2695
2696
2696
2696
2697
2698
2700
2704
2705
2706
2708
2708
2709
2709
2709
2709
2709
2711
2712
2712
2713
2713
2714
2715
2715
2717
2717
2721
2722
2725
2727
2728
2728
2729
2730
2730
2731
2732
2732
2733
2734
2734
2734
2737
2740
2741
2744
2744
2745
2747
2748
2748
2748
2749
2750
2751
2751
2752
2752
2753
2754
2755
2756
2757
2760
2761
2761
2763
2764
2765
2766
2766
2767
2768
2768
2768
2769
2769
2771
2772
2774
2774
2775
2775
2777
2777
2777
2778
2779
2779
2780
2780
2782
2785
2788
2789
2789
2791
2792
2794
2794
2794
2795
2796
2797
2798
2800
2801
2802
2806
2806
2808
2809
2810
2813
2816
2816
2817
2817
2821
2821
2823
2824
2825
2825
2826
2826
2826
2828
2828
2828
2828
2830
2831
2831
2831
2832
2832
2832
2832
2833
2834
2834
2834
2834
2834
2835
2836
2839
2840
2840
2844
2845
2845
2847
2849
2851
2852
2853
2853
2854
2856
2856
2859
2860
2860
2861
2863
2864
2865
2865
2867
2869
2869
2871
2872
2872
2872
2873
2875
2876
2876
2877
2877
2877
2878
2879
2879
2879
2880
2881
2881
2881
2882
2882
2882
2885
2885
2886
2887
2888
2888
2889
2890
2891
2893
2894
2895
2900
2900
2900
2901
2901
2902
2902
2902
2903
2903
2903
2903
2904
2905
2907
2907
2907
2910
2911
2912
2913
2914
2914
2916
2916
2917
2917
2917
2918
2919
2920
2920
2920
2923
2924
2924
2930
2931
2932
2932
2932
2933
2935
2937
2937
2938
2938
2941
2942
2942
2942
2944
2946
2947
2947
2948
2948
2948
2950
2951
2951
2952
2952
2954
2955
2955
2956
2956
2958
2959
2959
2959
2960
2960
2961
2962
2962
2963
2964
2967
2968
2969
2970
2971
2972
2972
2972
2972
2973
2973
2974
2976
2978
2978
2978
2981
2981
2985
2986
2988
2989
2990
2990
2991
2991
2993
2993
2993
2995
2996
2998
2999
3001
3002
3004
3004
3006
3008
3008
3008
3008
3010
3010
3011
3014
3014
3015
3017
3018
3018
3019
3021
3022
3022
3025
3025
3025
3029
3030
3030
3032
3033
3036
3038
3038
3039
3039
3039
3040
3042
3042
3042
3043
3044
3046
3046
3046
3048
3049
3049
3050
3050
3050
3051
3051
3052
3053
3053
3055
3057
3057
3057
3058
3058
3060
3061
3062
3062
3064
3069
3069
3070
3070
3071
3071
3071
3073
3074
3074
3076
3077
3077
3081
3082
3082
3083
3083
3085
3085
3089
3089
3089
3092
3097
3098
3098
3098
3098
3099
3099
3099
3101
3102
3103
3104
3104
3106
3106
3107
3108
3110
3110
3112
3112
3112
3114
3114
3115
3116
3116
3117
3117
3117
3118
3118
3121
3121
3123
3123
3124
3124
3126
3128
3128
3129
3129
3129
3130
3130
3132
3132
3133
3133
3133
3135
3135
3135
3135
3136
3136
3137
3137
3137
3137
3138
3138
3140
3140
3142
3142
3145
3145
3149
3149
3149
3150
3151
3153
3154
3154
3154
3155
3156
3156
3157
3158
3159
3159
3162
3162
3165
3166
3167
3168
3168
3172
3174
3175
3176
3177
3178
3178
3178
3179
3179
3181
3182
3183
3184
3184
3184
3184
3185
3185
3187
3188
3188
3190
3190
3192
3192
3192
3195
3196
3197
3197
3198
3198
3199
3199
3200
3201
3201
3203
3203
3204
3206
3206
3206
3207
3207
3208
3209
3211
3213
3213
3215
3215
3217
3217
3218
3219
3219
3221
3221
3221
3223
3224
3225
3225
3226
3226
3229
3229
3230
3230
3231
3231
3232
3233
3235
3235
3235
3236
3236
3238
3238
3238
3238
3239
3239
3240
3240
3245
3246
3249
3249
3249
3250
3251
3251
3253
3255
3256
3256
3258
3258
3258
3258
3259
3260
3260
3261
3261
3262
3262
3263
3266
3266
3267
3268
3269
3270
3271
3271
3271
3274
3276
3276
3277
3277
3278
3280
3280
3282
3284
3284
3284
3285
3285
3286
3288
3290
3291
3292
3292
3292
3293
3294
3294
3296
3297
3297
3299
3302
3306
3307
3307
3308
3308
3309
3310
3310
3312
3313
3313
3313
3314
3318
3319
3319
3321
3324
3326
3326
3328
3329
3329
3330
3331
3331
3332
3332
3334
3334
3334
3335
3335
3336
3336
3337
3338
3338
3340
3340
3340
3342
3342
3345
3347
3347
3348
3348
3348
3349
3349
3349
3351
3351
3354
3355
3357
3357
3358
3358
3358
3359
3360
3361
3361
3363
3364
3366
3369
3370
3373
3377
3377
3378
3379
3381
3382
3382
3384
3385
3385
3387
3388
3388
3390
3390
3391
3392
3392
3392
3393
3393
3394
3396
3397
3397
3400
3401
3402
3403
3404
3405
3405
3406
3408
3408
3408
3410
3411
3411
3411
3416
3421
3422
3422
3425
3425
3425
3426
3427
3428
3429
3430
3431
3431
3431
3432
3432
3434
3436
3440
3440
3441
3442
3445
3446
3446
3447
3448
3449
3450
3450
3451
3451
3453
3454
3456
3457
3458
3459
3459
3460
3461
3461
3461
3461
3462
3465
3465
3466
3467
3467
3468
3469
3472
3472
3474
3475
3476
3476
3477
3477
3478
3482
3484
3484
3487
3488
3488
3489
3492
3494
3494
3495
3495
3497
3498
3498
3501
3501
3501
3502
3502
3503
3503
3506
3509
3510
3510
3510
3510
3511
3512
3512
3513
3514
3516
3517
3517
3518
3518
3519
3523
3523
3526
3527
3527
3527
3527
3528
3530
3531
3531
3532
3533
3534
3535
3537
3537
3538
3538
3538
3541
3541
3541
3541
3542
3542
3543
3543
3543
3544
3544
3545
3545
3548
3549
3552
3553
3554
3555
3556
3556
3556
3557
3558
3561
3561
3563
3563
3565
3567
3568
3568
3568
3568
3569
3570
3571
3573
3575
3576
3577
3579
3581
3582
3582
3584
3585
3586
3586
3586
3590
3590
3593
3593
3593
3594
3595
3597
3597
3598
3598
3601
3601
3601
3602
3603
3603
3604
3605
3606
3606
3606
3610
3610
3610
3610
3611
3617
3617
3617
3618
3620
3621
3623
3623
3624
3624
3625
3626
3628
3628
3628
3629
3629
3630
3630
3630
3630
3631
3631
3631
3631
3632
3633
3634
3636
3636
3636
3636
3637
3637
3639
3639
3639
3640
3641
3641
3641
3642
3642
3643
3644
3645
3646
3646
3648
3649
3650
3652
3652
3654
3655
3655
3656
3657
3658
3658
3660
3661
3662
3662
3663
3665
3665
3667
3668
3668
3669
3670
3671
3671
3677
3677
3678
3679
3679
3680
3682
3683
3683
3685
3685
3689
3690
3691
3692
3693
3693
3693
3696
3697
3698
3698
3698
3699
3700
3700
3700
3702
3705
3705
3709
3709
3710
3713
3715
3717
3718
3719
3720
3720
3722
3723
3725
3725
3726
3729
3731
3734
3734
3739
3740
3743
3744
3744
3744
3746
3748
3750
3750
3750
3751
3752
3753
3756
3757
3758
3759
3760
3761
3762
3763
3763
3763
3764
3766
3766
3767
3768
3770
3772
3772
3773
3776
3776
3780
3781
3781
3781
3782
3783
3784
3784
3784
3786
3787
3789
3790
3793
3793
3795
3797
3797
3799
3799
3800
3801
3803
3804
3805
3806
3809
3809
3810
3810
3811
3812
3813
3814
3814
3814
3815
3816
3818
3819
3819
3825
3827
3827
3827
3828
3830
3831
3832
3833
3833
3833
3834
3834
3835
3835
3835
3836
3837
3839
3839
3839
3840
3840
3840
3841
3841
3841
3844
3845
3845
3845
3847
3847
3849
3854
3855
3856
3857
3857
3857
3858
3858
3858
3859
3863
3864
3865
3866
3866
3866
3867
3868
3869
3869
3870
3872
3872
3873
3874
3877
3877
3877
3879
3879
3879
3880
3881
3881
3882
3883
3883
3884
3884
3885
3885
3885
3885
3886
3886
3887
3888
3888
3889
3891
3891
3892
3892
3892
3892
3893
3895
3897
3898
3898
3899
3899
3899
3900
3901
3901
3901
3902
3903
3905
3906
3907
3907
3907
3909
3910
3910
3912
3913
3915
3918
3919
3923
3923
3923
3924
3924
3926
3928
3928
3928
3929
3930
3935
3937
3937
3938
3938
3943
3944
3944
3945
3945
3946
3947
3948
3948
3948
3948
3951
3952
3952
3954
3955
3955
3955
3957
3961
3962
3963
3963
3964
3966
3968
3969
3970
3970
3970
3970
3971
3971
3972
3973
3973
3974
3975
3976
3976
3976
3979
3980
3982
3983
3984
3984
3985
3987
3991
3992
3993
3994
3995
3995
3995
3996
3996
3997
3998
3999
3999
4000
4000
4001
4001
4001
4001
4002
4002
4004
4005
4006
4007
4007
4008
4008
4010
4011
4011
4012
4012
4012
4013
4013
4014
4015
4016
4017
4018
4019
4022
4024
4025
4025
4026
4027
4027
4029
4029
4029
4029
4030
4031
4032
4033
4035
4035
4036
4036
4036
4036
4037
4039
4041
4044
4044
4048
4049
4050
4054
4057
4058
4059
4059
4060
4061
4061
4062
4063
4063
4063
4063
4064
4064
4065
4069
4069
4070
4072
4072
4072
4073
4073
4074
4076
4076
4076
4076
4076
4077
4079
4080
4081
4082
4083
4084
4087
4088
4089
4091
4091
4092
4095
4095
4096
4099
4099
4099
4100
4100
4100
4101
4102
4102
4103
4107
4108
4109
4109
4112
4112
4115
4116
4117
4119
4119
4119
4120
4121
4122
4127
4129
4129
4129
4129
4130
4132
4132
4132
4133
4134
4134
4134
4135
4137
4137
4137
4137
4138
4138
4138
4139
4140
4142
4147
4147
4148
4148
4150
4150
4151
4154
4155
4157
4158
4160
4160
4161
4162
4164
4164
4167
4167
4167
4168
4169
4169
4170
4172
4172
4175
4176
4176
4177
4178
4179
4179
4179
4179
4180
4180
4183
4183
4188
4188
4189
4189
4190
4194
4195
4195
4195
4196
4197
4199
4199
4200
4200
4201
4201
4202
4202
4203
4203
4205
4205
4205
4205
4208
4209
4210
4211
4211
4212
4213
4213
4213
4214
4216
4216
4216
4216
4216
4217
4217
4217
4218
4218
4219
4220
4221
4222
4223
4223
4225
4225
4226
4227
4227
4228
4228
4229
4231
4233
4233
4233
4234
4235
4236
4236
4238
4240
4240
4241
4242
4243
4243
4244
4246
4247
4247
4250
4250
4250
4250
4250
4252
4253
4254
4255
4255
4258
4258
4259
4259
4259
4259
4260
4260
4261
4261
4261
4261
4263
4263
4264
4265
4266
4266
4268
4271
4273
4274
4274
4276
4276
4276
4278
4280
4280
4281
4281
4281
4284
4284
4290
4291
4293
4294
4295
4296
4300
4308
4309
4310
4313
4313
4314
4316
4316
4317
4318
4319
4321
4321
4321
4322
4325
4325
4326
4328
4330
4331
4332
4333
4333
4333
4333
4334
4335
4336
4337
4339
4340
4340
4341
4342
4345
4346
4346
4346
4346
4346
4346
4347
4347
4348
4348
4349
4350
4351
4353
4354
4357
4358
4361
4362
4363
4364
4364
4365
4365
4366
4368
4369
4369
4370
4372
4373
4373
4373
4375
4375
4377
4378
4378
4379
4380
4383
4383
4383
4385
4386
4386
4387
4388
4388
4394
4394
4398
4401
4402
4404
4405
4407
4407
4408
4409
4411
4412
4412
4412
4418
4418
4420
4421
4422
4426
4428
4428
4429
4429
4431
4433
4435
4437
4438
4439
4439
4440
4440
4440
4440
4441
4442
4443
4444
4444
4445
4446
4447
4447
4449
4451
4451
4452
4452
4453
4455
4457
4458
4458
4460
4461
4462
4463
4463
4466
4467
4468
4469
4470
4472
4473
4474
4475
4475
4476
4478
4478
4481
4482
4482
4482
4483
4484
4484
4485
4485
4486
4487
4487
4487
4488
4490
4490
4490
4491
4491
4496
4496
4498
4499
4499
4499
4499
4500
4501
4501
4501
4502
4504
4504
4504
4506
4506
4507
4509
4511
4511
4513
4515
4515
4516
4516
4517
4517
4517
4523
4523
4524
4528
4530
4532
4532
4532
4535
4536
4536
4536
4536
4537
4537
4538
4538
4539
4540
4541
4542
4542
4542
4543
4543
4544
4545
4546
4547
4547
4547
4549
4550
4554
4554
4556
4557
4557
4558
4558
4559
4563
4566
4567
4569
4570
4570
4571
4571
4575
4575
4577
4578
4578
4579
4580
4582
4582
4582
4582
4583
4584
4584
4585
4585
4586
4587
4588
4588
4591
4592
4592
4593
4593
4593
4593
4595
4595
4595
4595
4597
4597
4598
4599
4599
4600
4601
4602
4603
4603
4608
4609
4609
4609
4609
4610
4610
4613
4614
4616
4616
4617
4620
4621
4621
4621
4624
4624
4625
4626
4627
4628
4630
4631
4631
4632
4633
4635
4635
4636
4636
4636
4636
4636
4638
4638
4639
4640
4640
4642
4648
4648
4648
4652
4652
4652
4653
4653
4653
4655
4656
4656
4657
4657
4658
4661
4662
4662
4663
4665
4666
4666
4667
4669
4671
4672
4672
4674
4674
4676
4677
4679
4680
4681
4683
4683
4684
4684
4684
4685
4685
4686
4688
4688
4690
4692
4692
4695
4695
4696
4698
4702
4706
4706
4706
4708
4708
4708
4709
4710
4711
4712
4713
4715
4716
4717
4718
4718
4719
4719
4721
4722
4723
4723
4725
4727
4727
4727
4729
4730
4730
4731
4732
4734
4734
4734
4735
4737
4737
4738
4739
4740
4740
4742
4743
4746
4746
4748
4753
4753
4754
4755
4756
4756
4757
4758
4761
4761
4762
4762
4764
4765
4766
4769
4769
4769
4769
4770
4770
4771
4772
4773
4774
4774
4774
4775
4775
4776
4776
4777
4777
4777
4778
4778
4781
4782
4782
4784
4789
4790
4790
4791
4792
4793
4793
4793
4794
4795
4798
4798
4799
4801
4801
4801
4803
4803
4804
4806
4810
4811
4813
4814
4814
4815
4816
4818
4820
4820
4821
4823
4824
4824
4824
4825
4829
4829
4830
4832
4834
4837
4840
4840
4841
4842
4843
4843
4844
4845
4845
4846
4847
4847
4849
4850
4850
4852
4852
4853
4853
4853
4854
4855
4856
4856
4856
4857
4858
4859
4859
4859
4859
4861
4861
4861
4863
4864
4867
4869
4869
4869
4870
4870
4872
4874
4874
4877
4877
4880
4880
4881
4881
4882
4882
4882
4883
4884
4886
4886
4887
4888
4889
4890
4890
4892
4892
4895
4897
4898
4898
4898
4899
4899
4899
4901
4905
4905
4907
4908
4911
4912
4913
4914
4915
4916
4916
4917
4919
4919
4920
4921
4922
4923
4925
4925
4926
4926
4926
4930
4931
4932
4932
4932
4933
4933
4933
4935
4936
4939
4939
4940
4943
4944
4944
4947
4951
4952
4954
4954
4954
4954
4955
4955
4956
4958
4958
4959
4961
4962
4964
4964
4966
4966
4967
4969
4971
4971
4972
4972
4976
4980
4981
4985
4986
4986
4986
4987
4988
4990
4990
4990
4990
4991
4992
4992
4994
4994
4995
4995
4996
4997
4998
4999
4999
5001
5001
5001
5002
5005
5005
5007
5008
5008
5008
5011
5011
5012
5013
5014
5017
5019
5019
5020
5021
5022
5022
5022
5023
5023
5023
5023
5023
5024
5025
5028
5029
5029
5029
5030
5030
5030
5031
5031
5031
5032
5034
5034
5034
5039
5042
5043
5049
5050
5052
5052
5053
5054
5055
5055
5058
5059
5060
5061
5061
5062
5063
5063
5063
5064
5067
5067
5067
5069
5069
5072
5072
5073
5073
5073
5073
5074
5074
5074
5075
5076
5077
5077
5078
5078
5078
5079
5079
5080
5080
5080
5080
5081
5082
5083
5085
5086
5087
5088
5089
5091
5091
5092
5095
5095
5096
5101
5102
5107
5107
5108
5109
5110
5110
5112
5112
5114
5114
5115
5115
5117
5118
5118
5119
5119
5119
5119
5123
5123
5126
5126
5126
5128
5129
5129
5129
5129
5129
5129
5130
5130
5132
5136
5138
5141
5143
5145
5146
5146
5147
5148
5149
5150
5151
5152
5152
5152
5154
5156
5157
5157
5157
5158
5159
5160
5161
5161
5161
5162
5164
5166
5167
5168
5169
5169
5171
5171
5173
5173
5174
5174
5176
5178
5182
5184
5185
5185
5186
5186
5186
5187
5187
5187
5188
5189
5193
5195
5195
5195
5195
5197
5197
5198
5202
5203
5204
5204
5206
5210
5211
5213
5213
5213
5214
5214
5214
5214
5215
5215
5216
5218
5220
5220
5221
5221
5224
5225
5226
5227
5227
5228
5230
5230
5232
5233
5234
5234
5235
5236
5238
5239
5240
5240
5241
5242
5242
5242
5243
5244
5245
5249
5252
5253
5255
5256
5257
5257
5259
5260
5262
5262
5262
5263
5263
5265
5265
5265
5266
5266
5266
5267
5270
5270
5273
5274
5275
5280
5280
5280
5281
5281
5287
5288
5288
5288
5290
5291
5292
5293
5293
5295
5295
5295
5296
5297
5297
5298
5300
5300
5301
5301
5301
5302
5303
5303
5305
5307
5307
5309
5310
5310
5311
5312
5312
5313
5314
5319
5319
5320
5320
5321
5321
5323
5324
5324
5324
5324
5325
5325
5329
5330
5330
5330
5332
5333
5333
5334
5337
5338
5339
5339
5339
5343
5343
5344
5346
5346
5346
5349
5349
5351
5352
5352
5353
5353
5354
5354
5355
5355
5356
5358
5359
5359
5359
5361
5361
5363
5363
5364
5364
5366
5366
5366
5372
5372
5373
5373
5373
5374
5374
5374
5375
5375
5375
5376
5377
5377
5378
5379
5379
5379
5379
5380
5381
5382
5384
5388
5389
5389
5390
5391
5391
5395
5395
5396
5396
5396
5398
5401
5402
5403
5403
5405
5411
5413
5413
5413
5413
5417
5417
5418
5419
5420
5420
5421
5421
5422
5422
5423
5423
5423
5424
5424
5424
5426
5427
5427
5430
5431
5433
5433
5433
5435
5435
5435
5435
5436
5436
5436
5437
5437
5438
5440
5441
5441
5442
5443
5444
5445
5445
5446
5446
5449
5449
5449
5451
5452
5455
5457
5459
5460
5461
5464
5466
5466
5466
5466
5466
5468
5468
5469
5470
5472
5472
5473
5473
5474
5474
5474
5475
5476
5478
5479
5481
5483
5483
5484
5484
5486
5488
5489
5490
5490
5491
5493
5493
5498
5498
5501
5502
5504
5505
5506
5506
5507
5509
5509
5510
5514
5514
5517
5518
5519
5523
5523
5523
5526
5526
5527
5528
5528
5528
5529
5529
5530
5530
5530
5531
5533
5535
5535
5536
5537
5537
5538
5539
5540
5544
5544
5545
5548
5548
5548
5549
5552
5553
5554
5554
5555
5557
5559
5559
5562
5564
5565
5565
5567
5567
5567
5569
5571
5572
5575
5576
5577
5577
5578
5579
5580
5581
5582
5585
5586
5586
5586
5587
5587
5589
5590
5590
5590
5590
5592
5592
5593
5593
5595
5596
5598
5598
5598
5599
5600
5602
5602
5604
5604
5606
5606
5607
5607
5607
5608
5608
5609
5611
5612
5612
5613
5614
5614
5615
5616
5620
5620
5620
5621
5621
5622
5623
5623
5625
5625
5626
5627
5627
5628
5629
5629
5632
5632
5633
5636
5636
5636
5636
5638
5638
5641
5642
5642
5642
5645
5648
5650
5652
5652
5653
5654
5654
5656
5658
5662
5663
5663
5663
5666
5666
5669
5669
5670
5671
5674
5674
5674
5676
5677
5678
5679
5679
5680
5681
5681
5683
5683
5684
5686
5686
5688
5688
5689
5690
5692
5692
5692
5693
5693
5693
5694
5695
5695
5696
5696
5697
5698
5698
5704
5704
5705
5705
5706
5706
5707
5707
5707
5708
5708
5712
5713
5714
5715
5715
5716
5716
5716
5717
5717
5719
5720
5721
5724
5724
5724
5726
5726
5726
5727
5727
5732
5733
5733
5733
5734
5734
5737
5737
5738
5738
5739
5739
5741
5741
5742
5742
5742
5742
5742
5743
5743
5744
5745
5747
5747
5748
5751
5753
5753
5754
5754
5754
5755
5755
5755
5757
5757
5757
5758
5761
5762
5762
5762
5763
5764
5764
5766
5766
5768
5770
5771
5772
5773
5773
5773
5773
5774
5774
5777
5777
5780
5780
5780
5781
5783
5783
5784
5784
5785
5786
5786
5788
5790
5792
5793
5793
5794
5794
5798
5799
5801
5801
5803
5804
5805
5805
5807
5807
5807
5810
5811
5813
5814
5814
5815
5815
5815
5818
5821
5822
5822
5823
5823
5823
5824
5824
5826
5827
5827
5827
5830
5830
5831
5832
5832
5835
5836
5838
5838
5838
5840
5840
5841
5841
5842
5842
5842
5844
5844
5847
5848
5848
5849
5851
5851
5852
5854
5856
5856
5860
5860
5862
5863
5864
5865
5866
5866
5868
5870
5872
5872
5873
5873
5875
5878
5879
5882
5882
5883
5884
5885
5887
5888
5891
5897
5897
5898
5898
5900
5903
5904
5905
5906
5907
5908
5909
5909
5910
5911
5912
5914
5914
5914
5914
5916
5916
5917
5917
5917
5919
5919
5921
5921
5922
5922
5922
5924
5927
5927
5928
5929
5929
5931
5931
5932
5932
5932
5932
5934
5934
5936
5937
5937
5938
5938
5939
5939
5939
5941
5941
5941
5943
5944
5946
5946
5946
5949
5949
5951
5951
5952
5955
5957
5959
5959
5959
5959
5959
5960
5962
5962
5962
5962
5962
5963
5964
5964
5965
5966
5967
5968
5968
5969
5971
5971
5971
5973
5975
5976
5977
5977
5979
5979
5979
5979
5984
5984
5986
5986
5988
5989
5989
5990
5990
5992
5992
5992
5993
5993
5995
5996
5997
5997
5997
5997
5998
5999
6000
6000
6001
6005
6006
6006
6006
6006
6007
6007
6009
6009
6010
6011
6015
6018
6019
6019
6019
6020
6020
6021
6022
6023
6023
6024
6024
6024
6024
6025
6025
6029
6030
6030
6031
6032
6032
6033
6033
6036
6037
6037
6038
6039
6040
6040
6041
6042
6042
6042
6045
6047
6049
6050
6050
6050
6050
6052
6052
6054
6054
6058
6062
6063
6064
6068
6068
6069
6070
6071
6071
6073
6074
6075
6077
6077
6077
6077
6078
6079
6080
6080
6081
6082
6083
6085
6087
6087
6088
6088
6092
6092
6093
6093
6093
6095
6095
6097
6098
6104
6104
6104
6105
6108
6108
6109
6109
6109
6111
6111
6111
6113
6113
6114
6114
6114
6117
6117
6118
6124
6124
6125
6126
6128
6128
6128
6133
6134
6134
6134
6135
6135
6136
6137
6137
6139
6139
6141
6142
6145
6147
6147
6148
6149
6149
6151
6151
6151
6152
6152
6153
6155
6156
6158
6158
6159
6161
6161
6163
6167
6167
6167
6169
6169
6169
6170
6171
6171
6171
6172
6172
6172
6174
6174
6174
6175
6175
6175
6176
6177
6178
6179
6179
6182
6182
6183
6183
6184
6184
6185
6185
6186
6187
6190
6191
6191
6191
6191
6193
6197
6199
6199
6199
6201
6208
6209
6209
6210
6212
6213
6213
6213
6214
6214
6215
6216
6217
6218
6218
6219
6219
6221
6221
6221
6222
6223
6223
6226
6227
6228
6229
6230
6232
6235
6235
6235
6236
6238
6239
6242
6245
6245
6246
6246
6247
6249
6249
6250
6251
6253
6255
6256
6258
6259
6259
6260
6260
6261
6261
6262
6263
6263
6264
6264
6268
6268
6270
6272
6274
6274
6274
6274
6275
6275
6279
6280
6282
6283
6283
6284
6286
6293
6295
6296
6297
6299
6299
6299
6300
6301
6301
6302
6303
6303
6305
6308
6309
6311
6311
6311
6312
6312
6313
6314
6314
6315
6315
6319
6320
6320
6322
6323
6325
6325
6325
6326
6326
6326
6327
6327
6329
6332
6332
6333
6333
6334
6334
6335
6336
6336
6337
6337
6339
6341
6342
6343
6344
6344
6344
6345
6347
6347
6349
6349
6351
6353
6354
6355
6356
6356
6360
6361
6361
6363
6364
6366
6366
6367
6367
6368
6370
6371
6371
6372
6372
6373
6375
6377
6380
6382
6382
6382
6383
6385
6387
6387
6388
6389
6391
6392
6394
6396
6396
6396
6397
6400
6400
6401
6401
6403
6404
6404
6404
6405
6406
6409
6411
6412
6415
6415
6416
6421
6423
6424
6424
6426
6427
6428
6430
6430
6431
6431
6431
6432
6433
6433
6433
6434
6436
6437
6439
6441
6441
6441
6443
6444
6447
6448
6448
6448
6448
6450
6451
6452
6455
6456
6456
6456
6458
6458
6459
6459
6459
6460
6460
6462
6465
6466
6468
6470
6471
6471
6472
6472
6473
6474
6474
6477
6477
6479
6480
6480
6480
6481
6482
6482
6483
6484
6488
6490
6491
6491
6492
6493
6495
6496
6496
6499
6499
6502
6503
6504
6505
6505
6506
6509
6509
6511
6512
6513
6514
6514
6514
6515
6515
6516
6516
6517
6518
6518
6523
6525
6525
6526
6526
6527
6527
6528
6528
6530
6531
6532
6532
6534
6535
6535
6535
6537
6538
6538
6540
6541
6541
6543
6543
6543
6544
6544
6544
6545
6547
6548
6549
6550
6552
6553
6553
6554
6555
6555
6556
6557
6560
6561
6565
6566
6566
6567
6567
6568
6568
6568
6571
6571
6574
6574
6575
6577
6579
6580
6581
6582
6583
6584
6585
6586
6587
6589
6589
6590
6592
6592
6593
6594
6598
6598
6599
6601
6601
6602
6608
6610
6610
6610
6611
6613
6614
6614
6615
6617
6617
6618
6618
6619
6620
6620
6621
6623
6623
6626
6626
6627
6629
6629
6632
6632
6632
6633
6634
6634
6634
6634
6635
6635
6637
6637
6638
6639
6641
6641
6645
6646
6646
6647
6648
6649
6649
6649
6650
6651
6652
6652
6653
6653
6654
6657
6657
6658
6658
6658
6659
6661
6663
6663
6663
6664
6664
6664
6665
6668
6668
6670
6670
6670
6671
6673
6674
6674
6674
6674
6675
6681
6684
6684
6687
6687
6687
6688
6690
6691
6692
6693
6694
6694
6695
6695
6695
6696
6697
6699
6700
6700
6702
6705
6705
6707
6707
6707
6708
6711
6712
6713
6713
6713
6714
6715
6715
6717
6717
6718
6722
6723
6723
6726
6727
6727
6727
6727
6728
6728
6729
6730
6730
6730
6731
6732
6733
6733
6734
6736
6736
6737
6737
6738
6738
6739
6739
6740
6742
6743
6743
6743
6745
6746
6746
6749
6749
6751
6754
6754
6755
6755
6757
6758
6758
6758
6759
6760
6760
6762
6762
6763
6766
6767
6767
6768
6770
6771
6772
6773
6775
6776
6776
6777
6779
6779
6779
6780
6782
6783
6784
6784
6785
6787
6787
6787
6790
6791
6792
6796
6798
6801
6802
6803
6804
6806
6808
6809
6809
6810
6810
6813
6815
6817
6818
6820
6820
6822
6823
6825
6826
6826
6829
6829
6831
6833
6833
6833
6836
6836
6838
6838
6839
6840
6841
6841
6843
6844
6846
6847
6848
6849
6849
6850
6851
6854
6855
6856
6856
6857
6858
6858
6860
6861
6862
6863
6865
6866
6869
6870
6870
6872
6872
6872
6875
6875
6875
6876
6876
6876
6877
6877
6879
6880
6880
6880
6880
6881
6881
6883
6886
6887
6888
6889
6891
6893
6896
6897
6897
6900
6901
6901
6902
6903
6904
6904
6905
6905
6906
6907
6910
6911
6912
6914
6915
6916
6916
6917
6918
6919
6920
6920
6921
6922
6922
6925
6925
6927
6928
6931
6931
6931
6932
6933
6933
6934
6935
6935
6937
6938
6938
6940
6941
6943
6944
6946
6946
6947
6949
6949
6949
6949
6950
6950
6951
6953
6953
6955
6955
6955
6956
6957
6960
6960
6960
6961
6963
6964
6964
6964
6964
6966
6966
6967
6968
6969
6969
6970
6970
6973
6973
6974
6974
6975
6975
6976
6978
6978
6978
6979
6979
6979
6979
6982
6982
6983
6984
6984
6985
6985
6985
6986
6987
6988
6989
6990
6990
6990
6991
6994
6994
6998
7000
7000
7001
7001
7001
7002
7004
7007
7008
7008
7009
7009
7010
7010
7012
7013
7014
7016
7017
7019
7021
7022
7025
7025
7025
7026
7026
7027
7029
7029
7029
7030
7030
7031
7031
7031
7033
7033
7034
7035
7035
7035
7036
7036
7036
7036
7038
7039
7039
7040
7042
7042
7047
7048
7048
7048
7050
7050
7051
7051
7051
7051
7051
7051
7053
7053
7055
7056
7060
7063
7063
7063
7064
7065
7065
7065
7065
7067
7068
7069
7069
7070
7072
7073
7074
7074
7076
7076
7077
7077
7077
7077
7078
7080
7082
7083
7084
7086
7087
7088
7089
7090
7090
7093
7093
7095
7100
7101
7102
7102
7102
7104
7105
7106
7107
7108
7108
7108
7110
7110
7110
7111
7112
7114
7116
7118
7120
7120
7125
7126
7127
7128
7128
7130
7131
7131
7132
7133
7133
7134
7134
7136
7137
7138
7138
7138
7139
7139
7141
7141
7141
7143
7144
7146
7147
7147
7147
7150
7150
7150
7151
7151
7153
7154
7156
7156
7157
7159
7162
7163
7163
7163
7164
7165
7166
7168
7170
7170
7172
7173
7176
7177
7178
7180
7180
7180
7180
7184
7185
7185
7187
7188
7188
7189
7190
7190
7191
7194
7194
7194
7194
7195
7195
7196
7196
7198
7202
7202
7202
7203
7204
7207
7207
7207
7209
7211
7212
7212
7213
7213
7213
7216
7217
7217
7219
7220
7220
7220
7221
7221
7224
7225
7226
7226
7226
7228
7230
7231
7232
7233
7234
7234
7234
7236
7236
7237
7237
7238
7238
7239
7239
7240
7241
7242
7243
7243
7245
7246
7247
7248
7251
7252
7254
7254
7255
7256
7258
7259
7260
7260
7261
7262
7264
7264
7266
7266
7266
7267
7268
7268
7270
7271
7272
7272
7273
7273
7273
7274
7274
7275
7276
7277
7277
7278
7281
7281
7282
7282
7283
7284
7284
7284
7285
7285
7286
7287
7288
7288
7289
7291
7292
7292
7293
7293
7294
7295
7296
7296
7297
7299
7299
7301
7302
7303
7304
7304
7304
7306
7308
7308
7308
7308
7309
7311
7311
7311
7312
7312
7312
7313
7314
7315
7315
7317
7317
7318
7318
7319
7319
7320
7320
7320
7321
7322
7325
7325
7326
7326
7328
7329
7332
7333
7334
7334
7337
7338
7338
7339
7340
7340
7342
7343
7343
7345
7347
7347
7348
7349
7349
7351
7351
7353
7353
7353
7356
7357
7358
7362
7363
7364
7364
7365
7366
7367
7367
7368
7369
7369
7369
7369
7372
7373
7373
7373
7375
7375
7376
7377
7377
7378
7379
7379
7380
7380
7382
7384
7386
7387
7388
7388
7388
7392
7393
7393
7394
7395
7396
7398
7398
7401
7402
7402
7405
7405
7408
7410
7410
7412
7412
7413
7415
7415
7415
7415
7416
7416
7416
7417
7418
7418
7420
7420
7423
7423
7425
7426
7426
7427
7428
7429
7429
7430
7430
7433
7435
7435
7437
7438
7438
7442
7442
7442
7442
7443
7443
7444
7445
7446
7448
7450
7451
7451
7453
7453
7454
7455
7459
7459
7461
7463
7463
7465
7465
7466
7468
7468
7469
7472
7473
7474
7475
7479
7479
7480
7480
7480
7483
7485
7485
7486
7487
7487
7488
7491
7495
7497
7497
7498
7498
7498
7500
7501
7502
7502
7502
7502
7503
7505
7505
7506
7508
7508
7508
7513
7514
7514
7515
7515
7516
7516
7517
7517
7519
7523
7525
7525
7527
7527
7529
7529
7529
7531
7533
7534
7535
7535
7537
7537
7543
7544
7544
7546
7547
7547
7550
7550
7554
7554
7557
7557
7558
7560
7561
7561
7563
7564
7564
7564
7565
7565
7568
7569
7570
7570
7572
7574
7574
7575
7576
7576
7577
7577
7578
7579
7584
7584
7585
7585
7586
7586
7588
7589
7592
7593
7593
7595
7596
7598
7598
7599
7600
7600
7601
7602
7602
7602
7603
7604
7604
7605
7606
7608
7610
7610
7612
7613
7613
7615
7615
7618
7621
7622
7623
7624
7625
7626
7630
7630
7631
7632
7632
7633
7633
7634
7634
7637
7638
7638
7638
7639
7640
7642
7642
7643
7647
7649
7650
7650
7656
7657
7658
7658
7659
7660
7660
7663
7664
7667
7667
7669
7671
7673
7676
7677
7677
7680
7680
7681
7683
7684
7684
7685
7686
7686
7687
7687
7687
7689
7691
7693
7694
7694
7695
7695
7695
7697
7700
7702
7704
7705
7705
7705
7705
7706
7707
7709
7709
7711
7711
7711
7713
7714
7717
7717
7718
7722
7723
7723
7724
7724
7726
7727
7729
7729
7729
7729
7730
7731
7731
7731
7731
7733
7735
7736
7737
7739
7740
7744
7744
7747
7748
7749
7749
7750
7752
7752
7753
7753
7753
7753
7755
7758
7758
7759
7761
7761
7763
7764
7764
7767
7769
7770
7771
7773
7774
7774
7775
7778
7779
7780
7784
7786
7788
7788
7788
7789
7790
7790
7790
7793
7794
7794
7796
7797
7797
7798
7798
7798
7799
7800
7803
7804
7805
7806
7808
7808
7808
7812
7814
7814
7814
7815
7818
7819
7820
7821
7822
7822
7823
7824
7826
7827
7828
7830
7832
7832
7833
7833
7834
7836
7837
7837
7840
7843
7843
7844
7845
7847
7850
7850
7851
7853
7854
7855
7857
7858
7858
7858
7859
7859
7860
7861
7862
7862
7863
7863
7863
7863
7864
7865
7865
7865
7866
7867
7868
7869
7869
7870
7870
7870
7871
7873
7873
7873
7876
7876
7877
7878
7878
7880
7880
7891
7892
7894
7895
7895
7897
7898
7898
7899
7899
7900
7901
7901
7901
7902
7903
7903
7904
7905
7905
7905
7905
7906
7906
7909
7910
7911
7911
7911
7912
7912
7912
7913
7913
7914
7915
7915
7917
7917
7920
7920
7921
7922
7923
7924
7926
7927
7929
7929
7930
7931
7932
7933
7934
7935
7936
7936
7936
7936
7936
7938
7939
7939
7940
7940
7943
7944
7944
7947
7947
7948
7949
7949
7950
7951
7951
7951
7951
7951
7952
7952
7952
7953
7957
7957
7958
7958
7959
7959
7960
7962
7966
7968
7968
7968
7969
7969
7970
7972
7972
7973
7974
7975
7975
7976
7977
7977
7978
7978
7979
7980
7980
7982
7983
7985
7985
7985
7986
7987
7988
7989
7991
7991
7991
7991
7993
7993
7994
7996
7996
7996
7997
7997
7999
7999
7999
7999
8001
8002
8003
8006
8008
8008
8009
8009
8013
8013
8014
8015
8017
8017
8018
8020
8022
8024
8027
8028
8029
8030
8030
8031
8032
8037
8037
8037
8039
8039
8040
8042
8043
8044
8045
8045
8045
8051
8053
8053
8053
8054
8055
8055
8055
8055
8056
8056
8057
8058
8059
8059
8059
8059
8059
8060
8061
8064
8064
8064
8065
8065
8067
8067
8067
8067
8068
8070
8070
8070
8072
8073
8074
8075
8075
8076
8076
8078
8079
8080
8080
8080
8081
8082
8085
8085
8088
8089
8090
8090
8090
8090
8091
8091
8092
8092
8092
8094
8095
8095
8096
8101
8101
8102
8102
8102
8103
8103
8104
8104
8105
8105
8107
8107
8108
8108
8109
8110
8110
8110
8113
8114
8114
8115
8115
8118
8118
8118
8119
8120
8120
8123
8124
8124
8126
8127
8130
8131
8135
8135
8138
8138
8141
8142
8144
8146
8146
8146
8147
8149
8149
8149
8149
8150
8151
8151
8152
8153
8154
8155
8156
8158
8158
8159
8159
8161
8162
8165
8165
8166
8167
8168
8168
8170
8170
8171
8174
8174
8174
8174
8176
8177
8177
8178
8180
8181
8182
8185
8186
8186
8186
8187
8188
8191
8191
8192
8193
8194
8195
8196
8196
8196
8197
8198
8198
8199
8200
8201
8201
8203
8204
8206
8206
8207
8208
8209
8209
8210
8211
8211
8213
8215
8215
8216
8217
8218
8218
8221
8221
8225
8225
8225
8226
8227
8228
8229
8230
8230
8230
8230
8233
8233
8233
8234
8234
8235
8236
8238
8239
8240
8241
8243
8244
8246
8248
8249
8250
8250
8251
8254
8254
8257
8257
8258
8258
8259
8259
8261
8261
8262
8262
8263
8266
8267
8268
8269
8272
8273
8273
8273
8274
8274
8275
8275
8276
8276
8277
8277
8278
8278
8278
8281
8281
8284
8284
8286
8289
8289
8291
8291
8292
8295
8297
8297
8298
8300
8301
8301
8303
8304
8304
8304
8305
8305
8305
8306
8306
8306
8307
8308
8315
8316
8317
8317
8318
8319
8319
8319
8322
8322
8322
8323
8323
8323
8323
8324
8324
8330
8330
8330
8332
8334
8336
8337
8338
8339
8340
8344
8344
8345
8345
8348
8349
8349
8350
8350
8352
8352
8352
8352
8354
8354
8356
8356
8357
8357
8358
8358
8359
8359
8361
8361
8361
8361
8363
8363
8364
8364
8366
8367
8368
8370
8371
8372
8373
8373
8373
8376
8378
8379
8379
8380
8380
8381
8383
8383
8386
8387
8391
8391
8392
8392
8393
8395
8395
8399
8400
8401
8402
8403
8404
8404
8405
8408
8409
8409
8409
8409
8410
8410
8411
8413
8413
8413
8414
8415
8416
8418
8419
8419
8420
8421
8422
8422
8425
8426
8427
8430
8434
8436
8437
8438
8440
8440
8441
8441
8444
8444
8444
8446
8446
8449
8451
8452
8453
8454
8454
8455
8457
8458
8458
8458
8459
8460
8461
8461
8461
8462
8462
8462
8462
8462
8463
8465
8467
8467
8468
8468
8469
8470
8471
8471
8472
8472
8473
8473
8475
8475
8476
8477
8477
8477
8477
8479
8480
8480
8482
8482
8482
8483
8484
8484
8486
8488
8489
8489
8489
8489
8491
8492
8492
8493
8495
8495
8496
8497
8497
8498
8498
8498
8499
8500
8501
8501
8501
8503
8503
8505
8506
8510
8510
8510
8515
8516
8517
8518
8518
8519
8519
8522
8523
8523
8523
8524
8525
8526
8528
8528
8531
8532
8533
8533
8534
8535
8538
8538
8539
8540
8545
8548
8548
8550
8551
8552
8552
8552
8554
8554
8555
8555
8556
8557
8558
8559
8560
8561
8564
8564
8564
8565
8565
8565
8567
8567
8569
8569
8572
8573
8574
8575
8575
8576
8576
8576
8577
8578
8578
8579
8580
8581
8582
8582
8582
8583
8585
8585
8589
8591
8591
8592
8593
8593
8595
8596
8599
8599
8599
8603
8603
8603
8605
8605
8605
8606
8606
8607
8608
8609
8610
8613
8614
8614
8615
8615
8616
8617
8619
8620
8620
8621
8623
8624
8625
8626
8627
8628
8628
8629
8629
8630
8631
8631
8632
8632
8633
8636
8637
8638
8640
8640
8640
8640
8644
8645
8647
8647
8647
8649
8650
8651
8652
8653
8653
8653
8654
8658
8660
8660
8660
8660
8661
8661
8663
8663
8664
8664
8664
8664
8665
8666
8668
8671
8672
8673
8675
8676
8676
8676
8676
8678
8679
8679
8679
8680
8681
8681
8681
8682
8683
8685
8689
8690
8691
8692
8693
8693
8694
8696
8696
8699
8701
8701
8703
8705
8706
8708
8711
8711
8712
8713
8713
8714
8714
8718
8721
8721
8722
8722
8724
8725
8726
8726
8728
8730
8731
8731
8731
8732
8732
8733
8733
8733
8733
8734
8734
8734
8735
8735
8738
8741
8743
8743
8743
8745
8748
8748
8750
8752
8754
8756
8756
8758
8759
8759
8760
8762
8763
8764
8767
8768
8771
8771
8773
8775
8776
8776
8777
8778
8778
8779
8779
8779
8779
8780
8781
8782
8783
8783
8783
8784
8784
8788
8789
8792
8795
8795
8795
8796
8796
8798
8798
8800
8801
8802
8803
8804
8805
8806
8808
8812
8812
8812
8814
8815
8816
8816
8818
8819
8819
8820
8822
8822
8822
8823
8824
8824
8824
8826
8827
8829
8829
8829
8829
8831
8833
8833
8836
8837
8838
8838
8839
8839
8839
8841
8841
8841
8842
8843
8845
8845
8845
8846
8847
8847
8849
8849
8849
8850
8851
8851
8854
8854
8856
8857
8857
8858
8859
8859
8859
8860
8861
8862
8863
8865
8865
8867
8869
8872
8873
8874
8874
8877
8878
8880
8880
8883
8883
8884
8886
8889
8889
8891
8891
8891
8893
8894
8895
8896
8897
8898
8898
8898
8899
8900
8902
8904
8906
8909
8910
8911
8912
8912
8912
8913
8914
8915
8922
8922
8922
8923
8924
8924
8925
8925
8926
8927
8927
8928
8929
8930
8931
8931
8931
8933
8934
8934
8935
8935
8936
8937
8937
8938
8941
8942
8943
8944
8946
8946
8948
8948
8948
8949
8950
8955
8955
8956
8956
8957
8958
8958
8959
8959
8960
8960
8960
8962
8962
8964
8965
8967
8970
8970
8972
8972
8973
8977
8978
8981
8982
8982
8985
8986
8986
8987
8991
8993
8993
8994
8994
8994
8994
8996
8998
8998
8998
9000
9001
9002
9005
9008
9008
9008
9009
9010
9011
9012
9014
9015
9016
9016
9016
9016
9018
9019
9021
9021
9022
9022
9024
9026
9027
9028
9028
9029
9029
9031
9032
9032
9035
9035
9035
9036
9036
9038
9039
9040
9043
9046
9050
9054
9054
9055
9055
9055
9056
9058
9059
9060
9061
9061
9062
9063
9063
9067
9067
9068
9068
9073
9074
9074
9076
9076
9078
9079
9080
9083
9085
9086
9087
9089
9090
9091
9092
9093
9093
9094
9094
9098
9100
9101
9101
9103
9105
9106
9106
9107
9109
9109
9109
9109
9110
9113
9113
9114
9115
9120
9120
9120
9120
9121
9122
9122
9123
9126
9127
9128
9129
9130
9131
9131
9132
9133
9134
9135
9137
9138
9139
9139
9140
9140
9142
9142
9143
9144
9144
9144
9145
9145
9149
9149
9150
9151
9152
9152
9155
9155
9156
9157
9158
9158
9159
9160
9164
9164
9165
9167
9167
9168
9168
9168
9168
9170
9170
9170
9173
9173
9175
9175
9175
9176
9178
9179
9181
9181
9181
9181
9182
9182
9182
9183
9183
9185
9186
9187
9187
9187
9188
9190
9191
9191
9194
9197
9197
9197
9197
9198
9198
9199
9199
9201
9202
9202
9206
9207
9208
9209
9211
9211
9213
9213
9218
9220
9221
9221
9222
9224
9225
9226
9229
9229
9231
9232
9233
9234
9237
9238
9238
9240
9240
9240
9241
9241
9242
9242
9243
9249
9250
9252
9252
9252
9253
9255
9256
9256
9257
9257
9258
9259
9260
9262
9263
9264
9264
9265
9266
9266
9266
9267
9268
9268
9269
9270
9272
9272
9272
9272
9273
9274
9275
9276
9277
9277
9277
9278
9278
9278
9278
9278
9278
9279
9280
9280
9282
9284
9285
9287
9287
9287
9288
9292
9292
9293
9294
9294
9295
9295
9295
9296
9296
9297
9299
9300
9300
9301
9307
9307
9308
9309
9310
9311
9313
9314
9314
9315
9315
9315
9316
9317
9318
9319
9320
9320
9320
9320
9321
9322
9322
9323
9326
9327
9327
9328
9330
9330
9331
9331
9332
9334
9335
9336
9336
9337
9337
9338
9338
9339
9340
9340
9340
9344
9344
9345
9346
9350
9350
9351
9355
9356
9357
9358
9358
9360
9361
9363
9363
9365
9365
9366
9368
9369
9370
9371
9372
9372
9373
9373
9375
9375
9378
9379
9382
9382
9382
9383
9384
9384
9387
9388
9389
9390
9391
9391
9392
9393
9394
9395
9396
9400
9404
9405
9405
9406
9408
9408
9410
9411
9412
9413
9415
9417
9417
9418
9419
9419
9420
9420
9420
9421
9423
9424
9426
9426
9426
9430
9430
9431
9432
9434
9435
9435
9436
9437
9438
9439
9440
9441
9441
9442
9442
9443
9445
9446
9447
9448
9448
9450
9450
9451
9452
9454
9460
9462
9464
9464
9464
9464
9465
9466
9466
9467
9467
9473
9473
9475
9476
9476
9477
9478
9478
9478
9479
9481
9481
9482
9485
9486
9486
9490
9490
9491
9492
9496
9498
9498
9498
9499
9499
9501
9502
9503
9503
9506
9507
9507
9507
9507
9508
9510
9512
9513
9514
9515
9515
9517
9518
9518
9519
9520
9520
9525
9526
9529
9529
9530
9530
9530
9531
9531
9532
9533
9533
9536
9537
9537
9537
9538
9539
9540
9541
9541
9542
9543
9543
9544
9544
9544
9545
9546
9546
9547
9548
9549
9549
9550
9551
9553
9553
9553
9555
9555
9557
9559
9559
9562
9563
9564
9564
9565
9566
9571
9571
9571
9572
9572
9572
9573
9573
9573
9574
9575
9575
9575
9578
9580
9580
9581
9581
9582
9582
9582
9582
9583
9584
9585
9586
9588
9590
9591
9591
9593
9593
9593
9593
9594
9594
9596
9596
9596
9597
9597
9598
9599
9599
9599
9600
9600
9604
9604
9604
9605
9605
9605
9607
9607
9609
9609
9614
9614
9615
9616
9619
9619
9621
9623
9625
9626
9627
9628
9630
9631
9632
9633
9634
9636
9636
9637
9638
9638
9640
9640
9641
9642
9643
9645
9646
9649
9651
9651
9652
9657
9658
9658
9659
9659
9661
9663
9664
9665
9665
9666
9670
9674
9676
9678
9679
9679
9679
9679
9680
9681
9682
9683
9683
9683
9684
9685
9685
9685
9685
9686
9686
9687
9687
9688
9692
9694
9695
9696
9698
9699
9701
9701
9704
9705
9705
9705
9705
9706
9707
9707
9709
9713
9717
9717
9717
9719
9720
9720
9724
9725
9727
9729
9729
9729
9730
9731
9731
9733
9735
9735
9736
9737
9737
9737
9737
9738
9739
9739
9739
9740
9741
9744
9744
9747
9748
9749
9749
9750
9750
9750
9753
9753
9753
9754
9755
9758
9759
9759
9759
9760
9761
9762
9763
9764
9765
9766
9766
9768
9769
9774
9774
9774
9775
9777
9779
9779
9779
9779
9780
9781
9781
9782
9782
9783
9784
9784
9785
9785
9787
9787
9788
9790
9791
9791
9793
9793
9795
9795
9795
9795
9796
9797
9797
9800
9803
9803
9804
9808
9810
9811
9812
9814
9814
9814
9815
9815
9816
9819
9820
9821
9823
9825
9827
9829
9830
9831
9831
9832
9833
9834
9834
9836
9836
9837
9837
9837
9838
9839
9839
9839
9840
9840
9843
9846
9846
9846
9846
9847
9847
9847
9848
9848
9851
9851
9851
9852
9852
9853
9853
9855
9858
9860
9861
9863
9863
9864
9864
9866
9866
9868
9868
9869
9870
9871
9872
9873
9874
9874
9875
9876
9880
9880
9880
9881
9884
9885
9885
9886
9886
9886
9888
9889
9889
9889
9889
9890
9890
9891
9893
9894
9896
9897
9898
9898
9900
9901
9902
9902
9903
9904
9905
9906
9907
9908
9908
9908
9911
9912
9915
9915
9916
9917
9917
9917
9918
9919
9921
9923
9923
9923
9923
9924
9926
9926
9928
9928
9929
9929
9932
9932
9932
9936
9936
9936
9937
9939
9940
9941
9941
9942
9945
9946
9946
9947
9950
9951
9951
9952
9954
9955
9956
9957
9959
9960
9961
9962
9962
9963
9963
9964
9965
9966
9967
9969
9969
9970
9970
9971
9972
9973
9973
9974
9975
9975
9976
9979
9980
9981
9982
9983
9983
9984
9986
9986
9987
9989
9991
9993
9993
9993
9994
9996
